FREQ,Frequenza,REF_AREA,Territorio,DATA_TYPE,Indicatore,TIME_PERIOD,Osservazione,OBS_STATUS,'Stato dell"'osservazione',NOTE_REF_AREA,Territorio (NOTE_REF_AREA),NOTE_DATA_TYPE,Indicatore (NOTE_DATA_TYPE),BASE_PER,Anno base,UNIT_MEAS,Unità di misura,UNIT_MULT,Unità di moltiplicazione
A,Annuale,ITC1,Piemonte,CMARRGP_FROM2017,Matrimoni civili (%),2004,41.2,,,,,,,,,,,,
A,Annuale,ITC1,Piemonte,CMARRGP_FROM2017,Matrimoni civili (%),2005,42.2,,,,,,,,,,,,
A,Annuale,ITC1,Piemonte,CMARRGP_FROM2017,Matrimoni civili (%),2006,43.6,,,,,,,,,,,,
A,Annuale,ITC1,Piemonte,CMARRGP_FROM2017,Matrimoni civili (%),2007,44.1,,,,,,,,,,,,
A,Annuale,ITC1,Piemonte,CMARRGP_FROM2017,Matrimoni civili (%),2008,47.4,,,,,,,,,,,,
A,Annuale,ITC1,Piemonte,CMARRGP_FROM2017,Matrimoni civili (%),2009,48.3,,,,,,,,,,,,
A,Annuale,ITC1,Piemonte,CMARRGP_FROM2017,Matrimoni civili (%),2010,47.1,,,,,,,,,,,,
A,Annuale,ITC1,Piemonte,CMARRGP_FROM2017,Matrimoni civili (%),2011,48.8,,,,,,,,,,,,
A,Annuale,ITC1,Piemonte,CMARRGP_FROM2017,Matrimoni civili (%),2012,52.5,,,,,,,,,,,,
A,Annuale,ITC1,Piemonte,CMARRGP_FROM2017,Matrimoni civili (%),2013,54.2,,,,,,,,,,,,
A,Annuale,ITC1,Piemonte,CMARRGP_FROM2017,Matrimoni civili (%),2014,54.2,,,,,,,,,,,,
A,Annuale,ITC1,Piemonte,CMARRGP_FROM2017,Matrimoni civili (%),2015,57.6,,,,,,,,,,,,
A,Annuale,ITC1,Piemonte,CMARRGP_FROM2017,Matrimoni civili (%),2016,59.8,,,,,,,,,,,,
A,Annuale,ITC1,Piemonte,CMARRGP_FROM2017,Matrimoni civili (%),2017,62.7,,,,,,,,,,,,
A,Annuale,ITC1,Piemonte,CMARRGP_FROM2017,Matrimoni civili (%),2018,63.7,,,,,,,,,,,,
A,Annuale,ITC1,Piemonte,CMARRGP_FROM2017,Matrimoni civili (%),2019,66,,,,,,,,,,,,
A,Annuale,ITC1,Piemonte,CMARRGP_FROM2017,Matrimoni civili (%),2020,80.7,,,,,,,,,,,,
A,Annuale,ITC1,Piemonte,CMARRGP_FROM2017,Matrimoni civili (%),2021,68.2,,,,,,,,,,,,
A,Annuale,ITC1,Piemonte,CMARRGP_FROM2017,Matrimoni civili (%),2022,69.8,,,,,,,,,,,,
A,Annuale,ITC1,Piemonte,CMARRGP_FROM2017,Matrimoni civili (%),2023,72.8,,,,,,,,,,,,
A,Annuale,ITC1,Piemonte,NUPT_TOTM_FROM2017,Tasso di nuzialità  totale sposi-valori per mille,2004,495.9,,,,,,,,,,,,
A,Annuale,ITC1,Piemonte,NUPT_TOTM_FROM2017,Tasso di nuzialità  totale sposi-valori per mille,2005,490.3,,,,,,,,,,,,
A,Annuale,ITC1,Piemonte,NUPT_TOTM_FROM2017,Tasso di nuzialità  totale sposi-valori per mille,2006,499.8,,,,,,,,,,,,
A,Annuale,ITC1,Piemonte,NUPT_TOTM_FROM2017,Tasso di nuzialità  totale sposi-valori per mille,2007,505.1,,,,,,,,,,,,
A,Annuale,ITC1,Piemonte,NUPT_TOTM_FROM2017,Tasso di nuzialità  totale sposi-valori per mille,2008,504.3,,,,,,,,,,,,
A,Annuale,ITC1,Piemonte,NUPT_TOTM_FROM2017,Tasso di nuzialità  totale sposi-valori per mille,2009,474.6,,,,,,,,,,,,
A,Annuale,ITC1,Piemonte,NUPT_TOTM_FROM2017,Tasso di nuzialità  totale sposi-valori per mille,2010,446.8,,,,,,,,,,,,
A,Annuale,ITC1,Piemonte,NUPT_TOTM_FROM2017,Tasso di nuzialità  totale sposi-valori per mille,2011,433.4,,,,,,,,,,,,
A,Annuale,ITC1,Piemonte,NUPT_TOTM_FROM2017,Tasso di nuzialità  totale sposi-valori per mille,2012,446.9,,,,,,,,,,,,
A,Annuale,ITC1,Piemonte,NUPT_TOTM_FROM2017,Tasso di nuzialità  totale sposi-valori per mille,2013,400.7,,,,,,,,,,,,
A,Annuale,ITC1,Piemonte,NUPT_TOTM_FROM2017,Tasso di nuzialità  totale sposi-valori per mille,2014,393.8,,,,,,,,,,,,
A,Annuale,ITC1,Piemonte,NUPT_TOTM_FROM2017,Tasso di nuzialità  totale sposi-valori per mille,2015,426.8,,,,,,,,,,,,
A,Annuale,ITC1,Piemonte,NUPT_TOTM_FROM2017,Tasso di nuzialità  totale sposi-valori per mille,2016,433.7,,,,,,,,,,,,
A,Annuale,ITC1,Piemonte,NUPT_TOTM_FROM2017,Tasso di nuzialità  totale sposi-valori per mille,2017,407,,,,,,,,,,,,
A,Annuale,ITC1,Piemonte,NUPT_TOTM_FROM2017,Tasso di nuzialità  totale sposi-valori per mille,2018,407.8,,,,,,,,,,,,
A,Annuale,ITC1,Piemonte,NUPT_TOTM_FROM2017,Tasso di nuzialità  totale sposi-valori per mille,2019,387.8,,,,,,,,,,,,
A,Annuale,ITC1,Piemonte,NUPT_TOTM_FROM2017,Tasso di nuzialità  totale sposi-valori per mille,2020,196.4,,,,,,,,,,,,
A,Annuale,ITC1,Piemonte,NUPT_TOTM_FROM2017,Tasso di nuzialità  totale sposi-valori per mille,2021,375.1,,,,,,,,,,,,
A,Annuale,ITC1,Piemonte,NUPT_TOTM_FROM2017,Tasso di nuzialità  totale sposi-valori per mille,2022,401.6,,,,,,,,,,,,
A,Annuale,ITC1,Piemonte,NUPT_TOTM_FROM2017,Tasso di nuzialità  totale sposi-valori per mille,2023,381.5,e,Dato stimato,,,,,,,,,,
A,Annuale,ITC1,Piemonte,NUPT_TOTW_FROM2017,Tasso di nuzialità totale spose-valori per mille,2004,575.4,,,,,,,,,,,,
A,Annuale,ITC1,Piemonte,NUPT_TOTW_FROM2017,Tasso di nuzialità totale spose-valori per mille,2005,571.1,,,,,,,,,,,,
A,Annuale,ITC1,Piemonte,NUPT_TOTW_FROM2017,Tasso di nuzialità totale spose-valori per mille,2006,579.2,,,,,,,,,,,,
A,Annuale,ITC1,Piemonte,NUPT_TOTW_FROM2017,Tasso di nuzialità totale spose-valori per mille,2007,585.5,,,,,,,,,,,,
A,Annuale,ITC1,Piemonte,NUPT_TOTW_FROM2017,Tasso di nuzialità totale spose-valori per mille,2008,578.9,,,,,,,,,,,,
A,Annuale,ITC1,Piemonte,NUPT_TOTW_FROM2017,Tasso di nuzialità totale spose-valori per mille,2009,542.8,,,,,,,,,,,,
A,Annuale,ITC1,Piemonte,NUPT_TOTW_FROM2017,Tasso di nuzialità totale spose-valori per mille,2010,510.7,,,,,,,,,,,,
A,Annuale,ITC1,Piemonte,NUPT_TOTW_FROM2017,Tasso di nuzialità totale spose-valori per mille,2011,492.7,,,,,,,,,,,,
A,Annuale,ITC1,Piemonte,NUPT_TOTW_FROM2017,Tasso di nuzialità totale spose-valori per mille,2012,509.9,,,,,,,,,,,,
A,Annuale,ITC1,Piemonte,NUPT_TOTW_FROM2017,Tasso di nuzialità totale spose-valori per mille,2013,456.2,,,,,,,,,,,,
A,Annuale,ITC1,Piemonte,NUPT_TOTW_FROM2017,Tasso di nuzialità totale spose-valori per mille,2014,450.4,,,,,,,,,,,,
A,Annuale,ITC1,Piemonte,NUPT_TOTW_FROM2017,Tasso di nuzialità totale spose-valori per mille,2015,488,,,,,,,,,,,,
A,Annuale,ITC1,Piemonte,NUPT_TOTW_FROM2017,Tasso di nuzialità totale spose-valori per mille,2016,498.9,,,,,,,,,,,,
A,Annuale,ITC1,Piemonte,NUPT_TOTW_FROM2017,Tasso di nuzialità totale spose-valori per mille,2017,471.5,,,,,,,,,,,,
A,Annuale,ITC1,Piemonte,NUPT_TOTW_FROM2017,Tasso di nuzialità totale spose-valori per mille,2018,473.3,,,,,,,,,,,,
A,Annuale,ITC1,Piemonte,NUPT_TOTW_FROM2017,Tasso di nuzialità totale spose-valori per mille,2019,451.8,,,,,,,,,,,,
A,Annuale,ITC1,Piemonte,NUPT_TOTW_FROM2017,Tasso di nuzialità totale spose-valori per mille,2020,236.9,,,,,,,,,,,,
A,Annuale,ITC1,Piemonte,NUPT_TOTW_FROM2017,Tasso di nuzialità totale spose-valori per mille,2021,436.6,,,,,,,,,,,,
A,Annuale,ITC1,Piemonte,NUPT_TOTW_FROM2017,Tasso di nuzialità totale spose-valori per mille,2022,468.2,,,,,,,,,,,,
A,Annuale,ITC1,Piemonte,NUPT_TOTW_FROM2017,Tasso di nuzialità totale spose-valori per mille,2023,449.8,e,Dato stimato,,,,,,,,,,
A,Annuale,ITC1,Piemonte,MAGEMBRGR_FROM2017,Età  media al matrimonio sposi (tutte le età),2004,34.61,,,,,TIPO_DATO15__MAGEMBRGR_FROM2017_N1,'Età media delle spose, ponderata con i quozienti specifici di nuzialità.Per gli anni 2010-2016 si può cliccare sul Tipo dato e selezionare l"'indicatore corrispondente',,,,,,
A,Annuale,ITC1,Piemonte,MAGEMBRGR_FROM2017,Età  media al matrimonio sposi (tutte le età),2005,35.83,,,,,TIPO_DATO15__MAGEMBRGR_FROM2017_N1,'Età media delle spose, ponderata con i quozienti specifici di nuzialità.Per gli anni 2010-2016 si può cliccare sul Tipo dato e selezionare l"'indicatore corrispondente',,,,,,
A,Annuale,ITC1,Piemonte,MAGEMBRGR_FROM2017,Età  media al matrimonio sposi (tutte le età),2006,35.65,,,,,TIPO_DATO15__MAGEMBRGR_FROM2017_N1,'Età media delle spose, ponderata con i quozienti specifici di nuzialità.Per gli anni 2010-2016 si può cliccare sul Tipo dato e selezionare l"'indicatore corrispondente',,,,,,
A,Annuale,ITC1,Piemonte,MAGEMBRGR_FROM2017,Età  media al matrimonio sposi (tutte le età),2007,35.7,,,,,TIPO_DATO15__MAGEMBRGR_FROM2017_N1,'Età media delle spose, ponderata con i quozienti specifici di nuzialità.Per gli anni 2010-2016 si può cliccare sul Tipo dato e selezionare l"'indicatore corrispondente',,,,,,
A,Annuale,ITC1,Piemonte,MAGEMBRGR_FROM2017,Età  media al matrimonio sposi (tutte le età),2008,35.97,,,,,TIPO_DATO15__MAGEMBRGR_FROM2017_N1,'Età media delle spose, ponderata con i quozienti specifici di nuzialità.Per gli anni 2010-2016 si può cliccare sul Tipo dato e selezionare l"'indicatore corrispondente',,,,,,
A,Annuale,ITC1,Piemonte,MAGEMBRGR_FROM2017,Età  media al matrimonio sposi (tutte le età),2009,36.55,,,,,TIPO_DATO15__MAGEMBRGR_FROM2017_N1,'Età media delle spose, ponderata con i quozienti specifici di nuzialità.Per gli anni 2010-2016 si può cliccare sul Tipo dato e selezionare l"'indicatore corrispondente',,,,,,
A,Annuale,ITC1,Piemonte,MAGEMBRGR_FROM2017,Età  media al matrimonio sposi (tutte le età),2010,36.67,,,,,TIPO_DATO15__MAGEMBRGR_FROM2017_N1,'Età media delle spose, ponderata con i quozienti specifici di nuzialità.Per gli anni 2010-2016 si può cliccare sul Tipo dato e selezionare l"'indicatore corrispondente',,,,,,
A,Annuale,ITC1,Piemonte,MAGEMBRGR_FROM2017,Età  media al matrimonio sposi (tutte le età),2011,36.92,,,,,TIPO_DATO15__MAGEMBRGR_FROM2017_N1,'Età media delle spose, ponderata con i quozienti specifici di nuzialità.Per gli anni 2010-2016 si può cliccare sul Tipo dato e selezionare l"'indicatore corrispondente',,,,,,
A,Annuale,ITC1,Piemonte,MAGEMBRGR_FROM2017,Età  media al matrimonio sposi (tutte le età),2012,37.08,,,,,TIPO_DATO15__MAGEMBRGR_FROM2017_N1,'Età media delle spose, ponderata con i quozienti specifici di nuzialità.Per gli anni 2010-2016 si può cliccare sul Tipo dato e selezionare l"'indicatore corrispondente',,,,,,
A,Annuale,ITC1,Piemonte,MAGEMBRGR_FROM2017,Età  media al matrimonio sposi (tutte le età),2013,37.65,,,,,TIPO_DATO15__MAGEMBRGR_FROM2017_N1,'Età media delle spose, ponderata con i quozienti specifici di nuzialità.Per gli anni 2010-2016 si può cliccare sul Tipo dato e selezionare l"'indicatore corrispondente',,,,,,
A,Annuale,ITC1,Piemonte,MAGEMBRGR_FROM2017,Età  media al matrimonio sposi (tutte le età),2014,37.67,,,,,TIPO_DATO15__MAGEMBRGR_FROM2017_N1,'Età media delle spose, ponderata con i quozienti specifici di nuzialità.Per gli anni 2010-2016 si può cliccare sul Tipo dato e selezionare l"'indicatore corrispondente',,,,,,
A,Annuale,ITC1,Piemonte,MAGEMBRGR_FROM2017,Età  media al matrimonio sposi (tutte le età),2015,37.99,,,,,TIPO_DATO15__MAGEMBRGR_FROM2017_N1,'Età media delle spose, ponderata con i quozienti specifici di nuzialità.Per gli anni 2010-2016 si può cliccare sul Tipo dato e selezionare l"'indicatore corrispondente',,,,,,
A,Annuale,ITC1,Piemonte,MAGEMBRGR_FROM2017,Età  media al matrimonio sposi (tutte le età),2016,38.73,,,,,TIPO_DATO15__MAGEMBRGR_FROM2017_N1,'Età media delle spose, ponderata con i quozienti specifici di nuzialità.Per gli anni 2010-2016 si può cliccare sul Tipo dato e selezionare l"'indicatore corrispondente',,,,,,
A,Annuale,ITC1,Piemonte,MAGEMBRGR_FROM2017,Età  media al matrimonio sposi (tutte le età),2017,39.12,,,,,TIPO_DATO15__MAGEMBRGR_FROM2017_N1,'Età media delle spose, ponderata con i quozienti specifici di nuzialità.Per gli anni 2010-2016 si può cliccare sul Tipo dato e selezionare l"'indicatore corrispondente',,,,,,
A,Annuale,ITC1,Piemonte,MAGEMBRGR_FROM2017,Età  media al matrimonio sposi (tutte le età),2018,39.75,,,,,TIPO_DATO15__MAGEMBRGR_FROM2017_N1,'Età media delle spose, ponderata con i quozienti specifici di nuzialità.Per gli anni 2010-2016 si può cliccare sul Tipo dato e selezionare l"'indicatore corrispondente',,,,,,
A,Annuale,ITC1,Piemonte,MAGEMBRGR_FROM2017,Età  media al matrimonio sposi (tutte le età),2019,40.17,,,,,TIPO_DATO15__MAGEMBRGR_FROM2017_N1,'Età media delle spose, ponderata con i quozienti specifici di nuzialità.Per gli anni 2010-2016 si può cliccare sul Tipo dato e selezionare l"'indicatore corrispondente',,,,,,
A,Annuale,ITC1,Piemonte,MAGEMBRGR_FROM2017,Età  media al matrimonio sposi (tutte le età),2020,43.65,,,,,TIPO_DATO15__MAGEMBRGR_FROM2017_N1,'Età media delle spose, ponderata con i quozienti specifici di nuzialità.Per gli anni 2010-2016 si può cliccare sul Tipo dato e selezionare l"'indicatore corrispondente',,,,,,
A,Annuale,ITC1,Piemonte,MAGEMBRGR_FROM2017,Età  media al matrimonio sposi (tutte le età),2021,40.84,,,,,TIPO_DATO15__MAGEMBRGR_FROM2017_N1,'Età media delle spose, ponderata con i quozienti specifici di nuzialità.Per gli anni 2010-2016 si può cliccare sul Tipo dato e selezionare l"'indicatore corrispondente',,,,,,
A,Annuale,ITC1,Piemonte,MAGEMBRGR_FROM2017,Età  media al matrimonio sposi (tutte le età),2022,41.13,,,,,TIPO_DATO15__MAGEMBRGR_FROM2017_N1,'Età media delle spose, ponderata con i quozienti specifici di nuzialità.Per gli anni 2010-2016 si può cliccare sul Tipo dato e selezionare l"'indicatore corrispondente',,,,,,
A,Annuale,ITC1,Piemonte,MAGEMBRGR_FROM2017,Età  media al matrimonio sposi (tutte le età),2023,42.51,e,Dato stimato,,,TIPO_DATO15__MAGEMBRGR_FROM2017_N1,'Età media delle spose, ponderata con i quozienti specifici di nuzialità.Per gli anni 2010-2016 si può cliccare sul Tipo dato e selezionare l"'indicatore corrispondente',,,,,,
A,Annuale,ITC1,Piemonte,MAGEMBR_FROM2017,Età  media al matrimonio spose (tutte le età),2004,30.46,,,,,TIPO_DATO15__MAGEMBR_FROM2017_N1,'Età media delle spose, ponderata con i quozienti specifici di nuzialità.Per gli anni 2010-2016 si può cliccare sul Tipo dato e selezionare l"'indicatore corrispondente',,,,,,
A,Annuale,ITC1,Piemonte,MAGEMBR_FROM2017,Età  media al matrimonio spose (tutte le età),2005,30.86,,,,,TIPO_DATO15__MAGEMBR_FROM2017_N1,'Età media delle spose, ponderata con i quozienti specifici di nuzialità.Per gli anni 2010-2016 si può cliccare sul Tipo dato e selezionare l"'indicatore corrispondente',,,,,,
A,Annuale,ITC1,Piemonte,MAGEMBR_FROM2017,Età  media al matrimonio spose (tutte le età),2006,31.22,,,,,TIPO_DATO15__MAGEMBR_FROM2017_N1,'Età media delle spose, ponderata con i quozienti specifici di nuzialità.Per gli anni 2010-2016 si può cliccare sul Tipo dato e selezionare l"'indicatore corrispondente',,,,,,
A,Annuale,ITC1,Piemonte,MAGEMBR_FROM2017,Età  media al matrimonio spose (tutte le età),2007,31.53,,,,,TIPO_DATO15__MAGEMBR_FROM2017_N1,'Età media delle spose, ponderata con i quozienti specifici di nuzialità.Per gli anni 2010-2016 si può cliccare sul Tipo dato e selezionare l"'indicatore corrispondente',,,,,,
A,Annuale,ITC1,Piemonte,MAGEMBR_FROM2017,Età  media al matrimonio spose (tutte le età),2008,31.92,,,,,TIPO_DATO15__MAGEMBR_FROM2017_N1,'Età media delle spose, ponderata con i quozienti specifici di nuzialità.Per gli anni 2010-2016 si può cliccare sul Tipo dato e selezionare l"'indicatore corrispondente',,,,,,
A,Annuale,ITC1,Piemonte,MAGEMBR_FROM2017,Età  media al matrimonio spose (tutte le età),2009,32.33,,,,,TIPO_DATO15__MAGEMBR_FROM2017_N1,'Età media delle spose, ponderata con i quozienti specifici di nuzialità.Per gli anni 2010-2016 si può cliccare sul Tipo dato e selezionare l"'indicatore corrispondente',,,,,,
A,Annuale,ITC1,Piemonte,MAGEMBR_FROM2017,Età  media al matrimonio spose (tutte le età),2010,32.61,,,,,TIPO_DATO15__MAGEMBR_FROM2017_N1,'Età media delle spose, ponderata con i quozienti specifici di nuzialità.Per gli anni 2010-2016 si può cliccare sul Tipo dato e selezionare l"'indicatore corrispondente',,,,,,
A,Annuale,ITC1,Piemonte,MAGEMBR_FROM2017,Età  media al matrimonio spose (tutte le età),2011,32.84,,,,,TIPO_DATO15__MAGEMBR_FROM2017_N1,'Età media delle spose, ponderata con i quozienti specifici di nuzialità.Per gli anni 2010-2016 si può cliccare sul Tipo dato e selezionare l"'indicatore corrispondente',,,,,,
A,Annuale,ITC1,Piemonte,MAGEMBR_FROM2017,Età  media al matrimonio spose (tutte le età),2012,32.98,,,,,TIPO_DATO15__MAGEMBR_FROM2017_N1,'Età media delle spose, ponderata con i quozienti specifici di nuzialità.Per gli anni 2010-2016 si può cliccare sul Tipo dato e selezionare l"'indicatore corrispondente',,,,,,
A,Annuale,ITC1,Piemonte,MAGEMBR_FROM2017,Età  media al matrimonio spose (tutte le età),2013,33.49,,,,,TIPO_DATO15__MAGEMBR_FROM2017_N1,'Età media delle spose, ponderata con i quozienti specifici di nuzialità.Per gli anni 2010-2016 si può cliccare sul Tipo dato e selezionare l"'indicatore corrispondente',,,,,,
A,Annuale,ITC1,Piemonte,MAGEMBR_FROM2017,Età  media al matrimonio spose (tutte le età),2014,33.61,,,,,TIPO_DATO15__MAGEMBR_FROM2017_N1,'Età media delle spose, ponderata con i quozienti specifici di nuzialità.Per gli anni 2010-2016 si può cliccare sul Tipo dato e selezionare l"'indicatore corrispondente',,,,,,
A,Annuale,ITC1,Piemonte,MAGEMBR_FROM2017,Età  media al matrimonio spose (tutte le età),2015,34.05,,,,,TIPO_DATO15__MAGEMBR_FROM2017_N1,'Età media delle spose, ponderata con i quozienti specifici di nuzialità.Per gli anni 2010-2016 si può cliccare sul Tipo dato e selezionare l"'indicatore corrispondente',,,,,,
A,Annuale,ITC1,Piemonte,MAGEMBR_FROM2017,Età  media al matrimonio spose (tutte le età),2016,34.57,,,,,TIPO_DATO15__MAGEMBR_FROM2017_N1,'Età media delle spose, ponderata con i quozienti specifici di nuzialità.Per gli anni 2010-2016 si può cliccare sul Tipo dato e selezionare l"'indicatore corrispondente',,,,,,
A,Annuale,ITC1,Piemonte,MAGEMBR_FROM2017,Età  media al matrimonio spose (tutte le età),2017,34.88,,,,,TIPO_DATO15__MAGEMBR_FROM2017_N1,'Età media delle spose, ponderata con i quozienti specifici di nuzialità.Per gli anni 2010-2016 si può cliccare sul Tipo dato e selezionare l"'indicatore corrispondente',,,,,,
A,Annuale,ITC1,Piemonte,MAGEMBR_FROM2017,Età  media al matrimonio spose (tutte le età),2018,35.53,,,,,TIPO_DATO15__MAGEMBR_FROM2017_N1,'Età media delle spose, ponderata con i quozienti specifici di nuzialità.Per gli anni 2010-2016 si può cliccare sul Tipo dato e selezionare l"'indicatore corrispondente',,,,,,
A,Annuale,ITC1,Piemonte,MAGEMBR_FROM2017,Età  media al matrimonio spose (tutte le età),2019,35.81,,,,,TIPO_DATO15__MAGEMBR_FROM2017_N1,'Età media delle spose, ponderata con i quozienti specifici di nuzialità.Per gli anni 2010-2016 si può cliccare sul Tipo dato e selezionare l"'indicatore corrispondente',,,,,,
A,Annuale,ITC1,Piemonte,MAGEMBR_FROM2017,Età  media al matrimonio spose (tutte le età),2020,37.91,,,,,TIPO_DATO15__MAGEMBR_FROM2017_N1,'Età media delle spose, ponderata con i quozienti specifici di nuzialità.Per gli anni 2010-2016 si può cliccare sul Tipo dato e selezionare l"'indicatore corrispondente',,,,,,
A,Annuale,ITC1,Piemonte,MAGEMBR_FROM2017,Età  media al matrimonio spose (tutte le età),2021,36.57,,,,,TIPO_DATO15__MAGEMBR_FROM2017_N1,'Età media delle spose, ponderata con i quozienti specifici di nuzialità.Per gli anni 2010-2016 si può cliccare sul Tipo dato e selezionare l"'indicatore corrispondente',,,,,,
A,Annuale,ITC1,Piemonte,MAGEMBR_FROM2017,Età  media al matrimonio spose (tutte le età),2022,37.09,,,,,TIPO_DATO15__MAGEMBR_FROM2017_N1,'Età media delle spose, ponderata con i quozienti specifici di nuzialità.Per gli anni 2010-2016 si può cliccare sul Tipo dato e selezionare l"'indicatore corrispondente',,,,,,
A,Annuale,ITC1,Piemonte,MAGEMBR_FROM2017,Età  media al matrimonio spose (tutte le età),2023,37.71,e,Dato stimato,,,TIPO_DATO15__MAGEMBR_FROM2017_N1,'Età media delle spose, ponderata con i quozienti specifici di nuzialità.Per gli anni 2010-2016 si può cliccare sul Tipo dato e selezionare l"'indicatore corrispondente',,,,,,
A,Annuale,ITC2,'Valle d"'Aosta / Vallée d"'Aoste',CMARRGP_FROM2017,Matrimoni civili (%),2004,45.6,,,,,,,,,,,,
A,Annuale,ITC2,'Valle d"'Aosta / Vallée d"'Aoste',CMARRGP_FROM2017,Matrimoni civili (%),2005,48.2,,,,,,,,,,,,
A,Annuale,ITC2,'Valle d"'Aosta / Vallée d"'Aoste',CMARRGP_FROM2017,Matrimoni civili (%),2006,47.4,,,,,,,,,,,,
A,Annuale,ITC2,'Valle d"'Aosta / Vallée d"'Aoste',CMARRGP_FROM2017,Matrimoni civili (%),2007,44.9,,,,,,,,,,,,
A,Annuale,ITC2,'Valle d"'Aosta / Vallée d"'Aoste',CMARRGP_FROM2017,Matrimoni civili (%),2008,47.5,,,,,,,,,,,,
A,Annuale,ITC2,'Valle d"'Aosta / Vallée d"'Aoste',CMARRGP_FROM2017,Matrimoni civili (%),2009,54.8,,,,,,,,,,,,
A,Annuale,ITC2,'Valle d"'Aosta / Vallée d"'Aoste',CMARRGP_FROM2017,Matrimoni civili (%),2010,52,,,,,,,,,,,,
A,Annuale,ITC2,'Valle d"'Aosta / Vallée d"'Aoste',CMARRGP_FROM2017,Matrimoni civili (%),2011,55.8,,,,,,,,,,,,
A,Annuale,ITC2,'Valle d"'Aosta / Vallée d"'Aoste',CMARRGP_FROM2017,Matrimoni civili (%),2012,54.4,,,,,,,,,,,,
A,Annuale,ITC2,'Valle d"'Aosta / Vallée d"'Aoste',CMARRGP_FROM2017,Matrimoni civili (%),2013,60.9,,,,,,,,,,,,
A,Annuale,ITC2,'Valle d"'Aosta / Vallée d"'Aoste',CMARRGP_FROM2017,Matrimoni civili (%),2014,56.4,,,,,,,,,,,,
A,Annuale,ITC2,'Valle d"'Aosta / Vallée d"'Aoste',CMARRGP_FROM2017,Matrimoni civili (%),2015,64.7,,,,,,,,,,,,
A,Annuale,ITC2,'Valle d"'Aosta / Vallée d"'Aoste',CMARRGP_FROM2017,Matrimoni civili (%),2016,70.5,,,,,,,,,,,,
A,Annuale,ITC2,'Valle d"'Aosta / Vallée d"'Aoste',CMARRGP_FROM2017,Matrimoni civili (%),2017,71.3,,,,,,,,,,,,
A,Annuale,ITC2,'Valle d"'Aosta / Vallée d"'Aoste',CMARRGP_FROM2017,Matrimoni civili (%),2018,67.8,,,,,,,,,,,,
A,Annuale,ITC2,'Valle d"'Aosta / Vallée d"'Aoste',CMARRGP_FROM2017,Matrimoni civili (%),2019,68.9,,,,,,,,,,,,
A,Annuale,ITC2,'Valle d"'Aosta / Vallée d"'Aoste',CMARRGP_FROM2017,Matrimoni civili (%),2020,82.1,,,,,,,,,,,,
A,Annuale,ITC2,'Valle d"'Aosta / Vallée d"'Aoste',CMARRGP_FROM2017,Matrimoni civili (%),2021,75.6,,,,,,,,,,,,
A,Annuale,ITC2,'Valle d"'Aosta / Vallée d"'Aoste',CMARRGP_FROM2017,Matrimoni civili (%),2022,70.8,,,,,,,,,,,,
A,Annuale,ITC2,'Valle d"'Aosta / Vallée d"'Aoste',CMARRGP_FROM2017,Matrimoni civili (%),2023,75.2,,,,,,,,,,,,
A,Annuale,ITC2,'Valle d"'Aosta / Vallée d"'Aoste',NUPT_TOTM_FROM2017,Tasso di nuzialità  totale sposi-valori per mille,2004,456.6,,,,,,,,,,,,
A,Annuale,ITC2,'Valle d"'Aosta / Vallée d"'Aoste',NUPT_TOTM_FROM2017,Tasso di nuzialità  totale sposi-valori per mille,2005,413.7,,,,,,,,,,,,
A,Annuale,ITC2,'Valle d"'Aosta / Vallée d"'Aoste',NUPT_TOTM_FROM2017,Tasso di nuzialità  totale sposi-valori per mille,2006,463.4,,,,,,,,,,,,
A,Annuale,ITC2,'Valle d"'Aosta / Vallée d"'Aoste',NUPT_TOTM_FROM2017,Tasso di nuzialità  totale sposi-valori per mille,2007,494.8,,,,,,,,,,,,
A,Annuale,ITC2,'Valle d"'Aosta / Vallée d"'Aoste',NUPT_TOTM_FROM2017,Tasso di nuzialità  totale sposi-valori per mille,2008,494.5,,,,,,,,,,,,
A,Annuale,ITC2,'Valle d"'Aosta / Vallée d"'Aoste',NUPT_TOTM_FROM2017,Tasso di nuzialità  totale sposi-valori per mille,2009,444.9,,,,,,,,,,,,
A,Annuale,ITC2,'Valle d"'Aosta / Vallée d"'Aoste',NUPT_TOTM_FROM2017,Tasso di nuzialità  totale sposi-valori per mille,2010,415.3,,,,,,,,,,,,
A,Annuale,ITC2,'Valle d"'Aosta / Vallée d"'Aoste',NUPT_TOTM_FROM2017,Tasso di nuzialità  totale sposi-valori per mille,2011,416.2,,,,,,,,,,,,
A,Annuale,ITC2,'Valle d"'Aosta / Vallée d"'Aoste',NUPT_TOTM_FROM2017,Tasso di nuzialità  totale sposi-valori per mille,2012,414.6,,,,,,,,,,,,
A,Annuale,ITC2,'Valle d"'Aosta / Vallée d"'Aoste',NUPT_TOTM_FROM2017,Tasso di nuzialità  totale sposi-valori per mille,2013,394.6,,,,,,,,,,,,
A,Annuale,ITC2,'Valle d"'Aosta / Vallée d"'Aoste',NUPT_TOTM_FROM2017,Tasso di nuzialità  totale sposi-valori per mille,2014,390.1,,,,,,,,,,,,
A,Annuale,ITC2,'Valle d"'Aosta / Vallée d"'Aoste',NUPT_TOTM_FROM2017,Tasso di nuzialità  totale sposi-valori per mille,2015,364.9,,,,,,,,,,,,
A,Annuale,ITC2,'Valle d"'Aosta / Vallée d"'Aoste',NUPT_TOTM_FROM2017,Tasso di nuzialità  totale sposi-valori per mille,2016,385,,,,,,,,,,,,
A,Annuale,ITC2,'Valle d"'Aosta / Vallée d"'Aoste',NUPT_TOTM_FROM2017,Tasso di nuzialità  totale sposi-valori per mille,2017,346.5,,,,,,,,,,,,
A,Annuale,ITC2,'Valle d"'Aosta / Vallée d"'Aoste',NUPT_TOTM_FROM2017,Tasso di nuzialità  totale sposi-valori per mille,2018,416,,,,,,,,,,,,
A,Annuale,ITC2,'Valle d"'Aosta / Vallée d"'Aoste',NUPT_TOTM_FROM2017,Tasso di nuzialità  totale sposi-valori per mille,2019,434.8,,,,,,,,,,,,
A,Annuale,ITC2,'Valle d"'Aosta / Vallée d"'Aoste',NUPT_TOTM_FROM2017,Tasso di nuzialità  totale sposi-valori per mille,2020,213.4,,,,,,,,,,,,
A,Annuale,ITC2,'Valle d"'Aosta / Vallée d"'Aoste',NUPT_TOTM_FROM2017,Tasso di nuzialità  totale sposi-valori per mille,2021,399.6,,,,,,,,,,,,
A,Annuale,ITC2,'Valle d"'Aosta / Vallée d"'Aoste',NUPT_TOTM_FROM2017,Tasso di nuzialità  totale sposi-valori per mille,2022,432.2,,,,,,,,,,,,
A,Annuale,ITC2,'Valle d"'Aosta / Vallée d"'Aoste',NUPT_TOTM_FROM2017,Tasso di nuzialità  totale sposi-valori per mille,2023,428.9,e,Dato stimato,,,,,,,,,,
A,Annuale,ITC2,'Valle d"'Aosta / Vallée d"'Aoste',NUPT_TOTW_FROM2017,Tasso di nuzialità totale spose-valori per mille,2004,550.2,,,,,,,,,,,,
A,Annuale,ITC2,'Valle d"'Aosta / Vallée d"'Aoste',NUPT_TOTW_FROM2017,Tasso di nuzialità totale spose-valori per mille,2005,496.4,,,,,,,,,,,,
A,Annuale,ITC2,'Valle d"'Aosta / Vallée d"'Aoste',NUPT_TOTW_FROM2017,Tasso di nuzialità totale spose-valori per mille,2006,552.4,,,,,,,,,,,,
A,Annuale,ITC2,'Valle d"'Aosta / Vallée d"'Aoste',NUPT_TOTW_FROM2017,Tasso di nuzialità totale spose-valori per mille,2007,590.1,,,,,,,,,,,,
A,Annuale,ITC2,'Valle d"'Aosta / Vallée d"'Aoste',NUPT_TOTW_FROM2017,Tasso di nuzialità totale spose-valori per mille,2008,599.2,,,,,,,,,,,,
A,Annuale,ITC2,'Valle d"'Aosta / Vallée d"'Aoste',NUPT_TOTW_FROM2017,Tasso di nuzialità totale spose-valori per mille,2009,516.9,,,,,,,,,,,,
A,Annuale,ITC2,'Valle d"'Aosta / Vallée d"'Aoste',NUPT_TOTW_FROM2017,Tasso di nuzialità totale spose-valori per mille,2010,484.8,,,,,,,,,,,,
A,Annuale,ITC2,'Valle d"'Aosta / Vallée d"'Aoste',NUPT_TOTW_FROM2017,Tasso di nuzialità totale spose-valori per mille,2011,485.6,,,,,,,,,,,,
A,Annuale,ITC2,'Valle d"'Aosta / Vallée d"'Aoste',NUPT_TOTW_FROM2017,Tasso di nuzialità totale spose-valori per mille,2012,485.7,,,,,,,,,,,,
A,Annuale,ITC2,'Valle d"'Aosta / Vallée d"'Aoste',NUPT_TOTW_FROM2017,Tasso di nuzialità totale spose-valori per mille,2013,470.8,,,,,,,,,,,,
A,Annuale,ITC2,'Valle d"'Aosta / Vallée d"'Aoste',NUPT_TOTW_FROM2017,Tasso di nuzialità totale spose-valori per mille,2014,438.2,,,,,,,,,,,,
A,Annuale,ITC2,'Valle d"'Aosta / Vallée d"'Aoste',NUPT_TOTW_FROM2017,Tasso di nuzialità totale spose-valori per mille,2015,427.9,,,,,,,,,,,,
A,Annuale,ITC2,'Valle d"'Aosta / Vallée d"'Aoste',NUPT_TOTW_FROM2017,Tasso di nuzialità totale spose-valori per mille,2016,461.5,,,,,,,,,,,,
A,Annuale,ITC2,'Valle d"'Aosta / Vallée d"'Aoste',NUPT_TOTW_FROM2017,Tasso di nuzialità totale spose-valori per mille,2017,410.4,,,,,,,,,,,,
A,Annuale,ITC2,'Valle d"'Aosta / Vallée d"'Aoste',NUPT_TOTW_FROM2017,Tasso di nuzialità totale spose-valori per mille,2018,488.3,,,,,,,,,,,,
A,Annuale,ITC2,'Valle d"'Aosta / Vallée d"'Aoste',NUPT_TOTW_FROM2017,Tasso di nuzialità totale spose-valori per mille,2019,514,,,,,,,,,,,,
A,Annuale,ITC2,'Valle d"'Aosta / Vallée d"'Aoste',NUPT_TOTW_FROM2017,Tasso di nuzialità totale spose-valori per mille,2020,257.3,,,,,,,,,,,,
A,Annuale,ITC2,'Valle d"'Aosta / Vallée d"'Aoste',NUPT_TOTW_FROM2017,Tasso di nuzialità totale spose-valori per mille,2021,470.2,,,,,,,,,,,,
A,Annuale,ITC2,'Valle d"'Aosta / Vallée d"'Aoste',NUPT_TOTW_FROM2017,Tasso di nuzialità totale spose-valori per mille,2022,520.8,,,,,,,,,,,,
A,Annuale,ITC2,'Valle d"'Aosta / Vallée d"'Aoste',NUPT_TOTW_FROM2017,Tasso di nuzialità totale spose-valori per mille,2023,518.1,e,Dato stimato,,,,,,,,,,
A,Annuale,ITC2,'Valle d"'Aosta / Vallée d"'Aoste',MAGEMBRGR_FROM2017,Età  media al matrimonio sposi (tutte le età),2004,36.06,,,,,TIPO_DATO15__MAGEMBRGR_FROM2017_N1,'Età media delle spose, ponderata con i quozienti specifici di nuzialità.Per gli anni 2010-2016 si può cliccare sul Tipo dato e selezionare l"'indicatore corrispondente',,,,,,
A,Annuale,ITC2,'Valle d"'Aosta / Vallée d"'Aoste',MAGEMBRGR_FROM2017,Età  media al matrimonio sposi (tutte le età),2005,35.73,,,,,TIPO_DATO15__MAGEMBRGR_FROM2017_N1,'Età media delle spose, ponderata con i quozienti specifici di nuzialità.Per gli anni 2010-2016 si può cliccare sul Tipo dato e selezionare l"'indicatore corrispondente',,,,,,
A,Annuale,ITC2,'Valle d"'Aosta / Vallée d"'Aoste',MAGEMBRGR_FROM2017,Età  media al matrimonio sposi (tutte le età),2006,35.71,,,,,TIPO_DATO15__MAGEMBRGR_FROM2017_N1,'Età media delle spose, ponderata con i quozienti specifici di nuzialità.Per gli anni 2010-2016 si può cliccare sul Tipo dato e selezionare l"'indicatore corrispondente',,,,,,
A,Annuale,ITC2,'Valle d"'Aosta / Vallée d"'Aoste',MAGEMBRGR_FROM2017,Età  media al matrimonio sposi (tutte le età),2007,36,,,,,TIPO_DATO15__MAGEMBRGR_FROM2017_N1,'Età media delle spose, ponderata con i quozienti specifici di nuzialità.Per gli anni 2010-2016 si può cliccare sul Tipo dato e selezionare l"'indicatore corrispondente',,,,,,
A,Annuale,ITC2,'Valle d"'Aosta / Vallée d"'Aoste',MAGEMBRGR_FROM2017,Età  media al matrimonio sposi (tutte le età),2008,36.86,,,,,TIPO_DATO15__MAGEMBRGR_FROM2017_N1,'Età media delle spose, ponderata con i quozienti specifici di nuzialità.Per gli anni 2010-2016 si può cliccare sul Tipo dato e selezionare l"'indicatore corrispondente',,,,,,
A,Annuale,ITC2,'Valle d"'Aosta / Vallée d"'Aoste',MAGEMBRGR_FROM2017,Età  media al matrimonio sposi (tutte le età),2009,37.71,,,,,TIPO_DATO15__MAGEMBRGR_FROM2017_N1,'Età media delle spose, ponderata con i quozienti specifici di nuzialità.Per gli anni 2010-2016 si può cliccare sul Tipo dato e selezionare l"'indicatore corrispondente',,,,,,
A,Annuale,ITC2,'Valle d"'Aosta / Vallée d"'Aoste',MAGEMBRGR_FROM2017,Età  media al matrimonio sposi (tutte le età),2010,37.42,,,,,TIPO_DATO15__MAGEMBRGR_FROM2017_N1,'Età media delle spose, ponderata con i quozienti specifici di nuzialità.Per gli anni 2010-2016 si può cliccare sul Tipo dato e selezionare l"'indicatore corrispondente',,,,,,
A,Annuale,ITC2,'Valle d"'Aosta / Vallée d"'Aoste',MAGEMBRGR_FROM2017,Età  media al matrimonio sposi (tutte le età),2011,38.61,,,,,TIPO_DATO15__MAGEMBRGR_FROM2017_N1,'Età media delle spose, ponderata con i quozienti specifici di nuzialità.Per gli anni 2010-2016 si può cliccare sul Tipo dato e selezionare l"'indicatore corrispondente',,,,,,
A,Annuale,ITC2,'Valle d"'Aosta / Vallée d"'Aoste',MAGEMBRGR_FROM2017,Età  media al matrimonio sposi (tutte le età),2012,38.39,,,,,TIPO_DATO15__MAGEMBRGR_FROM2017_N1,'Età media delle spose, ponderata con i quozienti specifici di nuzialità.Per gli anni 2010-2016 si può cliccare sul Tipo dato e selezionare l"'indicatore corrispondente',,,,,,
A,Annuale,ITC2,'Valle d"'Aosta / Vallée d"'Aoste',MAGEMBRGR_FROM2017,Età  media al matrimonio sposi (tutte le età),2013,39.37,,,,,TIPO_DATO15__MAGEMBRGR_FROM2017_N1,'Età media delle spose, ponderata con i quozienti specifici di nuzialità.Per gli anni 2010-2016 si può cliccare sul Tipo dato e selezionare l"'indicatore corrispondente',,,,,,
A,Annuale,ITC2,'Valle d"'Aosta / Vallée d"'Aoste',MAGEMBRGR_FROM2017,Età  media al matrimonio sposi (tutte le età),2014,38.01,,,,,TIPO_DATO15__MAGEMBRGR_FROM2017_N1,'Età media delle spose, ponderata con i quozienti specifici di nuzialità.Per gli anni 2010-2016 si può cliccare sul Tipo dato e selezionare l"'indicatore corrispondente',,,,,,
A,Annuale,ITC2,'Valle d"'Aosta / Vallée d"'Aoste',MAGEMBRGR_FROM2017,Età  media al matrimonio sposi (tutte le età),2015,40.59,,,,,TIPO_DATO15__MAGEMBRGR_FROM2017_N1,'Età media delle spose, ponderata con i quozienti specifici di nuzialità.Per gli anni 2010-2016 si può cliccare sul Tipo dato e selezionare l"'indicatore corrispondente',,,,,,
A,Annuale,ITC2,'Valle d"'Aosta / Vallée d"'Aoste',MAGEMBRGR_FROM2017,Età  media al matrimonio sposi (tutte le età),2016,40.95,,,,,TIPO_DATO15__MAGEMBRGR_FROM2017_N1,'Età media delle spose, ponderata con i quozienti specifici di nuzialità.Per gli anni 2010-2016 si può cliccare sul Tipo dato e selezionare l"'indicatore corrispondente',,,,,,
A,Annuale,ITC2,'Valle d"'Aosta / Vallée d"'Aoste',MAGEMBRGR_FROM2017,Età  media al matrimonio sposi (tutte le età),2017,41.31,,,,,TIPO_DATO15__MAGEMBRGR_FROM2017_N1,'Età media delle spose, ponderata con i quozienti specifici di nuzialità.Per gli anni 2010-2016 si può cliccare sul Tipo dato e selezionare l"'indicatore corrispondente',,,,,,
A,Annuale,ITC2,'Valle d"'Aosta / Vallée d"'Aoste',MAGEMBRGR_FROM2017,Età  media al matrimonio sposi (tutte le età),2018,42.27,,,,,TIPO_DATO15__MAGEMBRGR_FROM2017_N1,'Età media delle spose, ponderata con i quozienti specifici di nuzialità.Per gli anni 2010-2016 si può cliccare sul Tipo dato e selezionare l"'indicatore corrispondente',,,,,,
A,Annuale,ITC2,'Valle d"'Aosta / Vallée d"'Aoste',MAGEMBRGR_FROM2017,Età  media al matrimonio sposi (tutte le età),2019,40.82,,,,,TIPO_DATO15__MAGEMBRGR_FROM2017_N1,'Età media delle spose, ponderata con i quozienti specifici di nuzialità.Per gli anni 2010-2016 si può cliccare sul Tipo dato e selezionare l"'indicatore corrispondente',,,,,,
A,Annuale,ITC2,'Valle d"'Aosta / Vallée d"'Aoste',MAGEMBRGR_FROM2017,Età  media al matrimonio sposi (tutte le età),2020,44.66,,,,,TIPO_DATO15__MAGEMBRGR_FROM2017_N1,'Età media delle spose, ponderata con i quozienti specifici di nuzialità.Per gli anni 2010-2016 si può cliccare sul Tipo dato e selezionare l"'indicatore corrispondente',,,,,,
A,Annuale,ITC2,'Valle d"'Aosta / Vallée d"'Aoste',MAGEMBRGR_FROM2017,Età  media al matrimonio sposi (tutte le età),2021,42.53,,,,,TIPO_DATO15__MAGEMBRGR_FROM2017_N1,'Età media delle spose, ponderata con i quozienti specifici di nuzialità.Per gli anni 2010-2016 si può cliccare sul Tipo dato e selezionare l"'indicatore corrispondente',,,,,,
A,Annuale,ITC2,'Valle d"'Aosta / Vallée d"'Aoste',MAGEMBRGR_FROM2017,Età  media al matrimonio sposi (tutte le età),2022,41.96,,,,,TIPO_DATO15__MAGEMBRGR_FROM2017_N1,'Età media delle spose, ponderata con i quozienti specifici di nuzialità.Per gli anni 2010-2016 si può cliccare sul Tipo dato e selezionare l"'indicatore corrispondente',,,,,,
A,Annuale,ITC2,'Valle d"'Aosta / Vallée d"'Aoste',MAGEMBRGR_FROM2017,Età  media al matrimonio sposi (tutte le età),2023,42.77,e,Dato stimato,,,TIPO_DATO15__MAGEMBRGR_FROM2017_N1,'Età media delle spose, ponderata con i quozienti specifici di nuzialità.Per gli anni 2010-2016 si può cliccare sul Tipo dato e selezionare l"'indicatore corrispondente',,,,,,
A,Annuale,ITC2,'Valle d"'Aosta / Vallée d"'Aoste',MAGEMBR_FROM2017,Età  media al matrimonio spose (tutte le età),2004,31.65,,,,,TIPO_DATO15__MAGEMBR_FROM2017_N1,'Età media delle spose, ponderata con i quozienti specifici di nuzialità.Per gli anni 2010-2016 si può cliccare sul Tipo dato e selezionare l"'indicatore corrispondente',,,,,,
A,Annuale,ITC2,'Valle d"'Aosta / Vallée d"'Aoste',MAGEMBR_FROM2017,Età  media al matrimonio spose (tutte le età),2005,31.17,,,,,TIPO_DATO15__MAGEMBR_FROM2017_N1,'Età media delle spose, ponderata con i quozienti specifici di nuzialità.Per gli anni 2010-2016 si può cliccare sul Tipo dato e selezionare l"'indicatore corrispondente',,,,,,
A,Annuale,ITC2,'Valle d"'Aosta / Vallée d"'Aoste',MAGEMBR_FROM2017,Età  media al matrimonio spose (tutte le età),2006,31.63,,,,,TIPO_DATO15__MAGEMBR_FROM2017_N1,'Età media delle spose, ponderata con i quozienti specifici di nuzialità.Per gli anni 2010-2016 si può cliccare sul Tipo dato e selezionare l"'indicatore corrispondente',,,,,,
A,Annuale,ITC2,'Valle d"'Aosta / Vallée d"'Aoste',MAGEMBR_FROM2017,Età  media al matrimonio spose (tutte le età),2007,32.07,,,,,TIPO_DATO15__MAGEMBR_FROM2017_N1,'Età media delle spose, ponderata con i quozienti specifici di nuzialità.Per gli anni 2010-2016 si può cliccare sul Tipo dato e selezionare l"'indicatore corrispondente',,,,,,
A,Annuale,ITC2,'Valle d"'Aosta / Vallée d"'Aoste',MAGEMBR_FROM2017,Età  media al matrimonio spose (tutte le età),2008,32.41,,,,,TIPO_DATO15__MAGEMBR_FROM2017_N1,'Età media delle spose, ponderata con i quozienti specifici di nuzialità.Per gli anni 2010-2016 si può cliccare sul Tipo dato e selezionare l"'indicatore corrispondente',,,,,,
A,Annuale,ITC2,'Valle d"'Aosta / Vallée d"'Aoste',MAGEMBR_FROM2017,Età  media al matrimonio spose (tutte le età),2009,33.68,,,,,TIPO_DATO15__MAGEMBR_FROM2017_N1,'Età media delle spose, ponderata con i quozienti specifici di nuzialità.Per gli anni 2010-2016 si può cliccare sul Tipo dato e selezionare l"'indicatore corrispondente',,,,,,
A,Annuale,ITC2,'Valle d"'Aosta / Vallée d"'Aoste',MAGEMBR_FROM2017,Età  media al matrimonio spose (tutte le età),2010,33.48,,,,,TIPO_DATO15__MAGEMBR_FROM2017_N1,'Età media delle spose, ponderata con i quozienti specifici di nuzialità.Per gli anni 2010-2016 si può cliccare sul Tipo dato e selezionare l"'indicatore corrispondente',,,,,,
A,Annuale,ITC2,'Valle d"'Aosta / Vallée d"'Aoste',MAGEMBR_FROM2017,Età  media al matrimonio spose (tutte le età),2011,34.2,,,,,TIPO_DATO15__MAGEMBR_FROM2017_N1,'Età media delle spose, ponderata con i quozienti specifici di nuzialità.Per gli anni 2010-2016 si può cliccare sul Tipo dato e selezionare l"'indicatore corrispondente',,,,,,
A,Annuale,ITC2,'Valle d"'Aosta / Vallée d"'Aoste',MAGEMBR_FROM2017,Età  media al matrimonio spose (tutte le età),2012,33.58,,,,,TIPO_DATO15__MAGEMBR_FROM2017_N1,'Età media delle spose, ponderata con i quozienti specifici di nuzialità.Per gli anni 2010-2016 si può cliccare sul Tipo dato e selezionare l"'indicatore corrispondente',,,,,,
A,Annuale,ITC2,'Valle d"'Aosta / Vallée d"'Aoste',MAGEMBR_FROM2017,Età  media al matrimonio spose (tutte le età),2013,34.12,,,,,TIPO_DATO15__MAGEMBR_FROM2017_N1,'Età media delle spose, ponderata con i quozienti specifici di nuzialità.Per gli anni 2010-2016 si può cliccare sul Tipo dato e selezionare l"'indicatore corrispondente',,,,,,
A,Annuale,ITC2,'Valle d"'Aosta / Vallée d"'Aoste',MAGEMBR_FROM2017,Età  media al matrimonio spose (tutte le età),2014,34.71,,,,,TIPO_DATO15__MAGEMBR_FROM2017_N1,'Età media delle spose, ponderata con i quozienti specifici di nuzialità.Per gli anni 2010-2016 si può cliccare sul Tipo dato e selezionare l"'indicatore corrispondente',,,,,,
A,Annuale,ITC2,'Valle d"'Aosta / Vallée d"'Aoste',MAGEMBR_FROM2017,Età  media al matrimonio spose (tutte le età),2015,36.51,,,,,TIPO_DATO15__MAGEMBR_FROM2017_N1,'Età media delle spose, ponderata con i quozienti specifici di nuzialità.Per gli anni 2010-2016 si può cliccare sul Tipo dato e selezionare l"'indicatore corrispondente',,,,,,
A,Annuale,ITC2,'Valle d"'Aosta / Vallée d"'Aoste',MAGEMBR_FROM2017,Età  media al matrimonio spose (tutte le età),2016,36.04,,,,,TIPO_DATO15__MAGEMBR_FROM2017_N1,'Età media delle spose, ponderata con i quozienti specifici di nuzialità.Per gli anni 2010-2016 si può cliccare sul Tipo dato e selezionare l"'indicatore corrispondente',,,,,,
A,Annuale,ITC2,'Valle d"'Aosta / Vallée d"'Aoste',MAGEMBR_FROM2017,Età  media al matrimonio spose (tutte le età),2017,36.42,,,,,TIPO_DATO15__MAGEMBR_FROM2017_N1,'Età media delle spose, ponderata con i quozienti specifici di nuzialità.Per gli anni 2010-2016 si può cliccare sul Tipo dato e selezionare l"'indicatore corrispondente',,,,,,
A,Annuale,ITC2,'Valle d"'Aosta / Vallée d"'Aoste',MAGEMBR_FROM2017,Età  media al matrimonio spose (tutte le età),2018,37.81,,,,,TIPO_DATO15__MAGEMBR_FROM2017_N1,'Età media delle spose, ponderata con i quozienti specifici di nuzialità.Per gli anni 2010-2016 si può cliccare sul Tipo dato e selezionare l"'indicatore corrispondente',,,,,,
A,Annuale,ITC2,'Valle d"'Aosta / Vallée d"'Aoste',MAGEMBR_FROM2017,Età  media al matrimonio spose (tutte le età),2019,36.08,,,,,TIPO_DATO15__MAGEMBR_FROM2017_N1,'Età media delle spose, ponderata con i quozienti specifici di nuzialità.Per gli anni 2010-2016 si può cliccare sul Tipo dato e selezionare l"'indicatore corrispondente',,,,,,
A,Annuale,ITC2,'Valle d"'Aosta / Vallée d"'Aoste',MAGEMBR_FROM2017,Età  media al matrimonio spose (tutte le età),2020,39.84,,,,,TIPO_DATO15__MAGEMBR_FROM2017_N1,'Età media delle spose, ponderata con i quozienti specifici di nuzialità.Per gli anni 2010-2016 si può cliccare sul Tipo dato e selezionare l"'indicatore corrispondente',,,,,,
A,Annuale,ITC2,'Valle d"'Aosta / Vallée d"'Aoste',MAGEMBR_FROM2017,Età  media al matrimonio spose (tutte le età),2021,37.79,,,,,TIPO_DATO15__MAGEMBR_FROM2017_N1,'Età media delle spose, ponderata con i quozienti specifici di nuzialità.Per gli anni 2010-2016 si può cliccare sul Tipo dato e selezionare l"'indicatore corrispondente',,,,,,
A,Annuale,ITC2,'Valle d"'Aosta / Vallée d"'Aoste',MAGEMBR_FROM2017,Età  media al matrimonio spose (tutte le età),2022,37.64,,,,,TIPO_DATO15__MAGEMBR_FROM2017_N1,'Età media delle spose, ponderata con i quozienti specifici di nuzialità.Per gli anni 2010-2016 si può cliccare sul Tipo dato e selezionare l"'indicatore corrispondente',,,,,,
A,Annuale,ITC2,'Valle d"'Aosta / Vallée d"'Aoste',MAGEMBR_FROM2017,Età  media al matrimonio spose (tutte le età),2023,38.42,e,Dato stimato,,,TIPO_DATO15__MAGEMBR_FROM2017_N1,'Età media delle spose, ponderata con i quozienti specifici di nuzialità.Per gli anni 2010-2016 si può cliccare sul Tipo dato e selezionare l"'indicatore corrispondente',,,,,,
A,Annuale,ITC3,Liguria,CMARRGP_FROM2017,Matrimoni civili (%),2004,48.5,,,,,,,,,,,,
A,Annuale,ITC3,Liguria,CMARRGP_FROM2017,Matrimoni civili (%),2005,49,,,,,,,,,,,,
A,Annuale,ITC3,Liguria,CMARRGP_FROM2017,Matrimoni civili (%),2006,50.3,,,,,,,,,,,,
A,Annuale,ITC3,Liguria,CMARRGP_FROM2017,Matrimoni civili (%),2007,51.3,,,,,,,,,,,,
A,Annuale,ITC3,Liguria,CMARRGP_FROM2017,Matrimoni civili (%),2008,55.5,,,,,,,,,,,,
A,Annuale,ITC3,Liguria,CMARRGP_FROM2017,Matrimoni civili (%),2009,53.4,,,,,,,,,,,,
A,Annuale,ITC3,Liguria,CMARRGP_FROM2017,Matrimoni civili (%),2010,52.9,,,,,,,,,,,,
A,Annuale,ITC3,Liguria,CMARRGP_FROM2017,Matrimoni civili (%),2011,56,,,,,,,,,,,,
A,Annuale,ITC3,Liguria,CMARRGP_FROM2017,Matrimoni civili (%),2012,58.7,,,,,,,,,,,,
A,Annuale,ITC3,Liguria,CMARRGP_FROM2017,Matrimoni civili (%),2013,60.5,,,,,,,,,,,,
A,Annuale,ITC3,Liguria,CMARRGP_FROM2017,Matrimoni civili (%),2014,59.3,,,,,,,,,,,,
A,Annuale,ITC3,Liguria,CMARRGP_FROM2017,Matrimoni civili (%),2015,62.2,,,,,,,,,,,,
A,Annuale,ITC3,Liguria,CMARRGP_FROM2017,Matrimoni civili (%),2016,63.6,,,,,,,,,,,,
A,Annuale,ITC3,Liguria,CMARRGP_FROM2017,Matrimoni civili (%),2017,66.5,,,,,,,,,,,,
A,Annuale,ITC3,Liguria,CMARRGP_FROM2017,Matrimoni civili (%),2018,67.1,,,,,,,,,,,,
A,Annuale,ITC3,Liguria,CMARRGP_FROM2017,Matrimoni civili (%),2019,70.6,,,,,,,,,,,,
A,Annuale,ITC3,Liguria,CMARRGP_FROM2017,Matrimoni civili (%),2020,81,,,,,,,,,,,,
A,Annuale,ITC3,Liguria,CMARRGP_FROM2017,Matrimoni civili (%),2021,72.7,,,,,,,,,,,,
A,Annuale,ITC3,Liguria,CMARRGP_FROM2017,Matrimoni civili (%),2022,71.4,,,,,,,,,,,,
A,Annuale,ITC3,Liguria,CMARRGP_FROM2017,Matrimoni civili (%),2023,74.6,,,,,,,,,,,,
A,Annuale,ITC3,Liguria,NUPT_TOTM_FROM2017,Tasso di nuzialità  totale sposi-valori per mille,2004,543.2,,,,,,,,,,,,
A,Annuale,ITC3,Liguria,NUPT_TOTM_FROM2017,Tasso di nuzialità  totale sposi-valori per mille,2005,560.7,,,,,,,,,,,,
A,Annuale,ITC3,Liguria,NUPT_TOTM_FROM2017,Tasso di nuzialità  totale sposi-valori per mille,2006,576.2,,,,,,,,,,,,
A,Annuale,ITC3,Liguria,NUPT_TOTM_FROM2017,Tasso di nuzialità  totale sposi-valori per mille,2007,578.3,,,,,,,,,,,,
A,Annuale,ITC3,Liguria,NUPT_TOTM_FROM2017,Tasso di nuzialità  totale sposi-valori per mille,2008,567.4,,,,,,,,,,,,
A,Annuale,ITC3,Liguria,NUPT_TOTM_FROM2017,Tasso di nuzialità  totale sposi-valori per mille,2009,519.8,,,,,,,,,,,,
A,Annuale,ITC3,Liguria,NUPT_TOTM_FROM2017,Tasso di nuzialità  totale sposi-valori per mille,2010,500.7,,,,,,,,,,,,
A,Annuale,ITC3,Liguria,NUPT_TOTM_FROM2017,Tasso di nuzialità  totale sposi-valori per mille,2011,476,,,,,,,,,,,,
A,Annuale,ITC3,Liguria,NUPT_TOTM_FROM2017,Tasso di nuzialità  totale sposi-valori per mille,2012,498.9,,,,,,,,,,,,
A,Annuale,ITC3,Liguria,NUPT_TOTM_FROM2017,Tasso di nuzialità  totale sposi-valori per mille,2013,458.1,,,,,,,,,,,,
A,Annuale,ITC3,Liguria,NUPT_TOTM_FROM2017,Tasso di nuzialità  totale sposi-valori per mille,2014,443.4,,,,,,,,,,,,
A,Annuale,ITC3,Liguria,NUPT_TOTM_FROM2017,Tasso di nuzialità  totale sposi-valori per mille,2015,455.8,,,,,,,,,,,,
A,Annuale,ITC3,Liguria,NUPT_TOTM_FROM2017,Tasso di nuzialità  totale sposi-valori per mille,2016,456.4,,,,,,,,,,,,
A,Annuale,ITC3,Liguria,NUPT_TOTM_FROM2017,Tasso di nuzialità  totale sposi-valori per mille,2017,447.1,,,,,,,,,,,,
A,Annuale,ITC3,Liguria,NUPT_TOTM_FROM2017,Tasso di nuzialità  totale sposi-valori per mille,2018,453,,,,,,,,,,,,
A,Annuale,ITC3,Liguria,NUPT_TOTM_FROM2017,Tasso di nuzialità  totale sposi-valori per mille,2019,407.9,,,,,,,,,,,,
A,Annuale,ITC3,Liguria,NUPT_TOTM_FROM2017,Tasso di nuzialità  totale sposi-valori per mille,2020,218.2,,,,,,,,,,,,
A,Annuale,ITC3,Liguria,NUPT_TOTM_FROM2017,Tasso di nuzialità  totale sposi-valori per mille,2021,386.2,,,,,,,,,,,,
A,Annuale,ITC3,Liguria,NUPT_TOTM_FROM2017,Tasso di nuzialità  totale sposi-valori per mille,2022,424.4,,,,,,,,,,,,
A,Annuale,ITC3,Liguria,NUPT_TOTM_FROM2017,Tasso di nuzialità  totale sposi-valori per mille,2023,403.5,e,Dato stimato,,,,,,,,,,
A,Annuale,ITC3,Liguria,NUPT_TOTW_FROM2017,Tasso di nuzialità totale spose-valori per mille,2004,623.3,,,,,,,,,,,,
A,Annuale,ITC3,Liguria,NUPT_TOTW_FROM2017,Tasso di nuzialità totale spose-valori per mille,2005,643,,,,,,,,,,,,
A,Annuale,ITC3,Liguria,NUPT_TOTW_FROM2017,Tasso di nuzialità totale spose-valori per mille,2006,668,,,,,,,,,,,,
A,Annuale,ITC3,Liguria,NUPT_TOTW_FROM2017,Tasso di nuzialità totale spose-valori per mille,2007,662.9,,,,,,,,,,,,
A,Annuale,ITC3,Liguria,NUPT_TOTW_FROM2017,Tasso di nuzialità totale spose-valori per mille,2008,648.7,,,,,,,,,,,,
A,Annuale,ITC3,Liguria,NUPT_TOTW_FROM2017,Tasso di nuzialità totale spose-valori per mille,2009,600.3,,,,,,,,,,,,
A,Annuale,ITC3,Liguria,NUPT_TOTW_FROM2017,Tasso di nuzialità totale spose-valori per mille,2010,567.4,,,,,,,,,,,,
A,Annuale,ITC3,Liguria,NUPT_TOTW_FROM2017,Tasso di nuzialità totale spose-valori per mille,2011,546.7,,,,,,,,,,,,
A,Annuale,ITC3,Liguria,NUPT_TOTW_FROM2017,Tasso di nuzialità totale spose-valori per mille,2012,571,,,,,,,,,,,,
A,Annuale,ITC3,Liguria,NUPT_TOTW_FROM2017,Tasso di nuzialità totale spose-valori per mille,2013,529.9,,,,,,,,,,,,
A,Annuale,ITC3,Liguria,NUPT_TOTW_FROM2017,Tasso di nuzialità totale spose-valori per mille,2014,515.6,,,,,,,,,,,,
A,Annuale,ITC3,Liguria,NUPT_TOTW_FROM2017,Tasso di nuzialità totale spose-valori per mille,2015,528.1,,,,,,,,,,,,
A,Annuale,ITC3,Liguria,NUPT_TOTW_FROM2017,Tasso di nuzialità totale spose-valori per mille,2016,531.9,,,,,,,,,,,,
A,Annuale,ITC3,Liguria,NUPT_TOTW_FROM2017,Tasso di nuzialità totale spose-valori per mille,2017,526.7,,,,,,,,,,,,
A,Annuale,ITC3,Liguria,NUPT_TOTW_FROM2017,Tasso di nuzialità totale spose-valori per mille,2018,531.4,,,,,,,,,,,,
A,Annuale,ITC3,Liguria,NUPT_TOTW_FROM2017,Tasso di nuzialità totale spose-valori per mille,2019,483.1,,,,,,,,,,,,
A,Annuale,ITC3,Liguria,NUPT_TOTW_FROM2017,Tasso di nuzialità totale spose-valori per mille,2020,263.6,,,,,,,,,,,,
A,Annuale,ITC3,Liguria,NUPT_TOTW_FROM2017,Tasso di nuzialità totale spose-valori per mille,2021,462,,,,,,,,,,,,
A,Annuale,ITC3,Liguria,NUPT_TOTW_FROM2017,Tasso di nuzialità totale spose-valori per mille,2022,501.8,,,,,,,,,,,,
A,Annuale,ITC3,Liguria,NUPT_TOTW_FROM2017,Tasso di nuzialità totale spose-valori per mille,2023,486,e,Dato stimato,,,,,,,,,,
A,Annuale,ITC3,Liguria,MAGEMBRGR_FROM2017,Età  media al matrimonio sposi (tutte le età),2004,36.21,,,,,TIPO_DATO15__MAGEMBRGR_FROM2017_N1,'Età media delle spose, ponderata con i quozienti specifici di nuzialità.Per gli anni 2010-2016 si può cliccare sul Tipo dato e selezionare l"'indicatore corrispondente',,,,,,
A,Annuale,ITC3,Liguria,MAGEMBRGR_FROM2017,Età  media al matrimonio sposi (tutte le età),2005,38.04,,,,,TIPO_DATO15__MAGEMBRGR_FROM2017_N1,'Età media delle spose, ponderata con i quozienti specifici di nuzialità.Per gli anni 2010-2016 si può cliccare sul Tipo dato e selezionare l"'indicatore corrispondente',,,,,,
A,Annuale,ITC3,Liguria,MAGEMBRGR_FROM2017,Età  media al matrimonio sposi (tutte le età),2006,36.99,,,,,TIPO_DATO15__MAGEMBRGR_FROM2017_N1,'Età media delle spose, ponderata con i quozienti specifici di nuzialità.Per gli anni 2010-2016 si può cliccare sul Tipo dato e selezionare l"'indicatore corrispondente',,,,,,
A,Annuale,ITC3,Liguria,MAGEMBRGR_FROM2017,Età  media al matrimonio sposi (tutte le età),2007,36.93,,,,,TIPO_DATO15__MAGEMBRGR_FROM2017_N1,'Età media delle spose, ponderata con i quozienti specifici di nuzialità.Per gli anni 2010-2016 si può cliccare sul Tipo dato e selezionare l"'indicatore corrispondente',,,,,,
A,Annuale,ITC3,Liguria,MAGEMBRGR_FROM2017,Età  media al matrimonio sposi (tutte le età),2008,37.43,,,,,TIPO_DATO15__MAGEMBRGR_FROM2017_N1,'Età media delle spose, ponderata con i quozienti specifici di nuzialità.Per gli anni 2010-2016 si può cliccare sul Tipo dato e selezionare l"'indicatore corrispondente',,,,,,
A,Annuale,ITC3,Liguria,MAGEMBRGR_FROM2017,Età  media al matrimonio sposi (tutte le età),2009,37.52,,,,,TIPO_DATO15__MAGEMBRGR_FROM2017_N1,'Età media delle spose, ponderata con i quozienti specifici di nuzialità.Per gli anni 2010-2016 si può cliccare sul Tipo dato e selezionare l"'indicatore corrispondente',,,,,,
A,Annuale,ITC3,Liguria,MAGEMBRGR_FROM2017,Età  media al matrimonio sposi (tutte le età),2010,38,,,,,TIPO_DATO15__MAGEMBRGR_FROM2017_N1,'Età media delle spose, ponderata con i quozienti specifici di nuzialità.Per gli anni 2010-2016 si può cliccare sul Tipo dato e selezionare l"'indicatore corrispondente',,,,,,
A,Annuale,ITC3,Liguria,MAGEMBRGR_FROM2017,Età  media al matrimonio sposi (tutte le età),2011,38.56,,,,,TIPO_DATO15__MAGEMBRGR_FROM2017_N1,'Età media delle spose, ponderata con i quozienti specifici di nuzialità.Per gli anni 2010-2016 si può cliccare sul Tipo dato e selezionare l"'indicatore corrispondente',,,,,,
A,Annuale,ITC3,Liguria,MAGEMBRGR_FROM2017,Età  media al matrimonio sposi (tutte le età),2012,38.52,,,,,TIPO_DATO15__MAGEMBRGR_FROM2017_N1,'Età media delle spose, ponderata con i quozienti specifici di nuzialità.Per gli anni 2010-2016 si può cliccare sul Tipo dato e selezionare l"'indicatore corrispondente',,,,,,
A,Annuale,ITC3,Liguria,MAGEMBRGR_FROM2017,Età  media al matrimonio sposi (tutte le età),2013,39.2,,,,,TIPO_DATO15__MAGEMBRGR_FROM2017_N1,'Età media delle spose, ponderata con i quozienti specifici di nuzialità.Per gli anni 2010-2016 si può cliccare sul Tipo dato e selezionare l"'indicatore corrispondente',,,,,,
A,Annuale,ITC3,Liguria,MAGEMBRGR_FROM2017,Età  media al matrimonio sposi (tutte le età),2014,39.24,,,,,TIPO_DATO15__MAGEMBRGR_FROM2017_N1,'Età media delle spose, ponderata con i quozienti specifici di nuzialità.Per gli anni 2010-2016 si può cliccare sul Tipo dato e selezionare l"'indicatore corrispondente',,,,,,
A,Annuale,ITC3,Liguria,MAGEMBRGR_FROM2017,Età  media al matrimonio sposi (tutte le età),2015,39.48,,,,,TIPO_DATO15__MAGEMBRGR_FROM2017_N1,'Età media delle spose, ponderata con i quozienti specifici di nuzialità.Per gli anni 2010-2016 si può cliccare sul Tipo dato e selezionare l"'indicatore corrispondente',,,,,,
A,Annuale,ITC3,Liguria,MAGEMBRGR_FROM2017,Età  media al matrimonio sposi (tutte le età),2016,40.25,,,,,TIPO_DATO15__MAGEMBRGR_FROM2017_N1,'Età media delle spose, ponderata con i quozienti specifici di nuzialità.Per gli anni 2010-2016 si può cliccare sul Tipo dato e selezionare l"'indicatore corrispondente',,,,,,
A,Annuale,ITC3,Liguria,MAGEMBRGR_FROM2017,Età  media al matrimonio sposi (tutte le età),2017,40.57,,,,,TIPO_DATO15__MAGEMBRGR_FROM2017_N1,'Età media delle spose, ponderata con i quozienti specifici di nuzialità.Per gli anni 2010-2016 si può cliccare sul Tipo dato e selezionare l"'indicatore corrispondente',,,,,,
A,Annuale,ITC3,Liguria,MAGEMBRGR_FROM2017,Età  media al matrimonio sposi (tutte le età),2018,40.86,,,,,TIPO_DATO15__MAGEMBRGR_FROM2017_N1,'Età media delle spose, ponderata con i quozienti specifici di nuzialità.Per gli anni 2010-2016 si può cliccare sul Tipo dato e selezionare l"'indicatore corrispondente',,,,,,
A,Annuale,ITC3,Liguria,MAGEMBRGR_FROM2017,Età  media al matrimonio sposi (tutte le età),2019,42.04,,,,,TIPO_DATO15__MAGEMBRGR_FROM2017_N1,'Età media delle spose, ponderata con i quozienti specifici di nuzialità.Per gli anni 2010-2016 si può cliccare sul Tipo dato e selezionare l"'indicatore corrispondente',,,,,,
A,Annuale,ITC3,Liguria,MAGEMBRGR_FROM2017,Età  media al matrimonio sposi (tutte le età),2020,44.19,,,,,TIPO_DATO15__MAGEMBRGR_FROM2017_N1,'Età media delle spose, ponderata con i quozienti specifici di nuzialità.Per gli anni 2010-2016 si può cliccare sul Tipo dato e selezionare l"'indicatore corrispondente',,,,,,
A,Annuale,ITC3,Liguria,MAGEMBRGR_FROM2017,Età  media al matrimonio sposi (tutte le età),2021,44.14,,,,,TIPO_DATO15__MAGEMBRGR_FROM2017_N1,'Età media delle spose, ponderata con i quozienti specifici di nuzialità.Per gli anni 2010-2016 si può cliccare sul Tipo dato e selezionare l"'indicatore corrispondente',,,,,,
A,Annuale,ITC3,Liguria,MAGEMBRGR_FROM2017,Età  media al matrimonio sposi (tutte le età),2022,42.73,,,,,TIPO_DATO15__MAGEMBRGR_FROM2017_N1,'Età media delle spose, ponderata con i quozienti specifici di nuzialità.Per gli anni 2010-2016 si può cliccare sul Tipo dato e selezionare l"'indicatore corrispondente',,,,,,
A,Annuale,ITC3,Liguria,MAGEMBRGR_FROM2017,Età  media al matrimonio sposi (tutte le età),2023,43.87,e,Dato stimato,,,TIPO_DATO15__MAGEMBRGR_FROM2017_N1,'Età media delle spose, ponderata con i quozienti specifici di nuzialità.Per gli anni 2010-2016 si può cliccare sul Tipo dato e selezionare l"'indicatore corrispondente',,,,,,
A,Annuale,ITC3,Liguria,MAGEMBR_FROM2017,Età  media al matrimonio spose (tutte le età),2004,31.77,,,,,TIPO_DATO15__MAGEMBR_FROM2017_N1,'Età media delle spose, ponderata con i quozienti specifici di nuzialità.Per gli anni 2010-2016 si può cliccare sul Tipo dato e selezionare l"'indicatore corrispondente',,,,,,
A,Annuale,ITC3,Liguria,MAGEMBR_FROM2017,Età  media al matrimonio spose (tutte le età),2005,32.14,,,,,TIPO_DATO15__MAGEMBR_FROM2017_N1,'Età media delle spose, ponderata con i quozienti specifici di nuzialità.Per gli anni 2010-2016 si può cliccare sul Tipo dato e selezionare l"'indicatore corrispondente',,,,,,
A,Annuale,ITC3,Liguria,MAGEMBR_FROM2017,Età  media al matrimonio spose (tutte le età),2006,32.37,,,,,TIPO_DATO15__MAGEMBR_FROM2017_N1,'Età media delle spose, ponderata con i quozienti specifici di nuzialità.Per gli anni 2010-2016 si può cliccare sul Tipo dato e selezionare l"'indicatore corrispondente',,,,,,
A,Annuale,ITC3,Liguria,MAGEMBR_FROM2017,Età  media al matrimonio spose (tutte le età),2007,32.68,,,,,TIPO_DATO15__MAGEMBR_FROM2017_N1,'Età media delle spose, ponderata con i quozienti specifici di nuzialità.Per gli anni 2010-2016 si può cliccare sul Tipo dato e selezionare l"'indicatore corrispondente',,,,,,
A,Annuale,ITC3,Liguria,MAGEMBR_FROM2017,Età  media al matrimonio spose (tutte le età),2008,33.01,,,,,TIPO_DATO15__MAGEMBR_FROM2017_N1,'Età media delle spose, ponderata con i quozienti specifici di nuzialità.Per gli anni 2010-2016 si può cliccare sul Tipo dato e selezionare l"'indicatore corrispondente',,,,,,
A,Annuale,ITC3,Liguria,MAGEMBR_FROM2017,Età  media al matrimonio spose (tutte le età),2009,33.22,,,,,TIPO_DATO15__MAGEMBR_FROM2017_N1,'Età media delle spose, ponderata con i quozienti specifici di nuzialità.Per gli anni 2010-2016 si può cliccare sul Tipo dato e selezionare l"'indicatore corrispondente',,,,,,
A,Annuale,ITC3,Liguria,MAGEMBR_FROM2017,Età  media al matrimonio spose (tutte le età),2010,33.68,,,,,TIPO_DATO15__MAGEMBR_FROM2017_N1,'Età media delle spose, ponderata con i quozienti specifici di nuzialità.Per gli anni 2010-2016 si può cliccare sul Tipo dato e selezionare l"'indicatore corrispondente',,,,,,
A,Annuale,ITC3,Liguria,MAGEMBR_FROM2017,Età  media al matrimonio spose (tutte le età),2011,34.05,,,,,TIPO_DATO15__MAGEMBR_FROM2017_N1,'Età media delle spose, ponderata con i quozienti specifici di nuzialità.Per gli anni 2010-2016 si può cliccare sul Tipo dato e selezionare l"'indicatore corrispondente',,,,,,
A,Annuale,ITC3,Liguria,MAGEMBR_FROM2017,Età  media al matrimonio spose (tutte le età),2012,34.08,,,,,TIPO_DATO15__MAGEMBR_FROM2017_N1,'Età media delle spose, ponderata con i quozienti specifici di nuzialità.Per gli anni 2010-2016 si può cliccare sul Tipo dato e selezionare l"'indicatore corrispondente',,,,,,
A,Annuale,ITC3,Liguria,MAGEMBR_FROM2017,Età  media al matrimonio spose (tutte le età),2013,34.63,,,,,TIPO_DATO15__MAGEMBR_FROM2017_N1,'Età media delle spose, ponderata con i quozienti specifici di nuzialità.Per gli anni 2010-2016 si può cliccare sul Tipo dato e selezionare l"'indicatore corrispondente',,,,,,
A,Annuale,ITC3,Liguria,MAGEMBR_FROM2017,Età  media al matrimonio spose (tutte le età),2014,34.71,,,,,TIPO_DATO15__MAGEMBR_FROM2017_N1,'Età media delle spose, ponderata con i quozienti specifici di nuzialità.Per gli anni 2010-2016 si può cliccare sul Tipo dato e selezionare l"'indicatore corrispondente',,,,,,
A,Annuale,ITC3,Liguria,MAGEMBR_FROM2017,Età  media al matrimonio spose (tutte le età),2015,35.28,,,,,TIPO_DATO15__MAGEMBR_FROM2017_N1,'Età media delle spose, ponderata con i quozienti specifici di nuzialità.Per gli anni 2010-2016 si può cliccare sul Tipo dato e selezionare l"'indicatore corrispondente',,,,,,
A,Annuale,ITC3,Liguria,MAGEMBR_FROM2017,Età  media al matrimonio spose (tutte le età),2016,35.69,,,,,TIPO_DATO15__MAGEMBR_FROM2017_N1,'Età media delle spose, ponderata con i quozienti specifici di nuzialità.Per gli anni 2010-2016 si può cliccare sul Tipo dato e selezionare l"'indicatore corrispondente',,,,,,
A,Annuale,ITC3,Liguria,MAGEMBR_FROM2017,Età  media al matrimonio spose (tutte le età),2017,35.88,,,,,TIPO_DATO15__MAGEMBR_FROM2017_N1,'Età media delle spose, ponderata con i quozienti specifici di nuzialità.Per gli anni 2010-2016 si può cliccare sul Tipo dato e selezionare l"'indicatore corrispondente',,,,,,
A,Annuale,ITC3,Liguria,MAGEMBR_FROM2017,Età  media al matrimonio spose (tutte le età),2018,36.32,,,,,TIPO_DATO15__MAGEMBR_FROM2017_N1,'Età media delle spose, ponderata con i quozienti specifici di nuzialità.Per gli anni 2010-2016 si può cliccare sul Tipo dato e selezionare l"'indicatore corrispondente',,,,,,
A,Annuale,ITC3,Liguria,MAGEMBR_FROM2017,Età  media al matrimonio spose (tutte le età),2019,36.95,,,,,TIPO_DATO15__MAGEMBR_FROM2017_N1,'Età media delle spose, ponderata con i quozienti specifici di nuzialità.Per gli anni 2010-2016 si può cliccare sul Tipo dato e selezionare l"'indicatore corrispondente',,,,,,
A,Annuale,ITC3,Liguria,MAGEMBR_FROM2017,Età  media al matrimonio spose (tutte le età),2020,38.86,,,,,TIPO_DATO15__MAGEMBR_FROM2017_N1,'Età media delle spose, ponderata con i quozienti specifici di nuzialità.Per gli anni 2010-2016 si può cliccare sul Tipo dato e selezionare l"'indicatore corrispondente',,,,,,
A,Annuale,ITC3,Liguria,MAGEMBR_FROM2017,Età  media al matrimonio spose (tutte le età),2021,37.96,,,,,TIPO_DATO15__MAGEMBR_FROM2017_N1,'Età media delle spose, ponderata con i quozienti specifici di nuzialità.Per gli anni 2010-2016 si può cliccare sul Tipo dato e selezionare l"'indicatore corrispondente',,,,,,
A,Annuale,ITC3,Liguria,MAGEMBR_FROM2017,Età  media al matrimonio spose (tutte le età),2022,38,,,,,TIPO_DATO15__MAGEMBR_FROM2017_N1,'Età media delle spose, ponderata con i quozienti specifici di nuzialità.Per gli anni 2010-2016 si può cliccare sul Tipo dato e selezionare l"'indicatore corrispondente',,,,,,
A,Annuale,ITC3,Liguria,MAGEMBR_FROM2017,Età  media al matrimonio spose (tutte le età),2023,38.97,e,Dato stimato,,,TIPO_DATO15__MAGEMBR_FROM2017_N1,'Età media delle spose, ponderata con i quozienti specifici di nuzialità.Per gli anni 2010-2016 si può cliccare sul Tipo dato e selezionare l"'indicatore corrispondente',,,,,,
A,Annuale,ITC4,Lombardia,CMARRGP_FROM2017,Matrimoni civili (%),2004,39,,,,,,,,,,,,
A,Annuale,ITC4,Lombardia,CMARRGP_FROM2017,Matrimoni civili (%),2005,41.3,,,,,,,,,,,,
A,Annuale,ITC4,Lombardia,CMARRGP_FROM2017,Matrimoni civili (%),2006,43.6,,,,,,,,,,,,
A,Annuale,ITC4,Lombardia,CMARRGP_FROM2017,Matrimoni civili (%),2007,45.3,,,,,,,,,,,,
A,Annuale,ITC4,Lombardia,CMARRGP_FROM2017,Matrimoni civili (%),2008,47,,,,,,,,,,,,
A,Annuale,ITC4,Lombardia,CMARRGP_FROM2017,Matrimoni civili (%),2009,47.8,,,,,,,,,,,,
A,Annuale,ITC4,Lombardia,CMARRGP_FROM2017,Matrimoni civili (%),2010,46.2,,,,,,,,,,,,
A,Annuale,ITC4,Lombardia,CMARRGP_FROM2017,Matrimoni civili (%),2011,50.9,,,,,,,,,,,,
A,Annuale,ITC4,Lombardia,CMARRGP_FROM2017,Matrimoni civili (%),2012,52.6,,,,,,,,,,,,
A,Annuale,ITC4,Lombardia,CMARRGP_FROM2017,Matrimoni civili (%),2013,54.7,,,,,,,,,,,,
A,Annuale,ITC4,Lombardia,CMARRGP_FROM2017,Matrimoni civili (%),2014,54.4,,,,,,,,,,,,
A,Annuale,ITC4,Lombardia,CMARRGP_FROM2017,Matrimoni civili (%),2015,57.4,,,,,,,,,,,,
A,Annuale,ITC4,Lombardia,CMARRGP_FROM2017,Matrimoni civili (%),2016,58.9,,,,,,,,,,,,
A,Annuale,ITC4,Lombardia,CMARRGP_FROM2017,Matrimoni civili (%),2017,62.1,,,,,,,,,,,,
A,Annuale,ITC4,Lombardia,CMARRGP_FROM2017,Matrimoni civili (%),2018,63.4,,,,,,,,,,,,
A,Annuale,ITC4,Lombardia,CMARRGP_FROM2017,Matrimoni civili (%),2019,66.5,,,,,,,,,,,,
A,Annuale,ITC4,Lombardia,CMARRGP_FROM2017,Matrimoni civili (%),2020,78.4,,,,,,,,,,,,
A,Annuale,ITC4,Lombardia,CMARRGP_FROM2017,Matrimoni civili (%),2021,67.9,,,,,,,,,,,,
A,Annuale,ITC4,Lombardia,CMARRGP_FROM2017,Matrimoni civili (%),2022,70.1,,,,,,,,,,,,
A,Annuale,ITC4,Lombardia,CMARRGP_FROM2017,Matrimoni civili (%),2023,72.2,,,,,,,,,,,,
A,Annuale,ITC4,Lombardia,NUPT_TOTM_FROM2017,Tasso di nuzialità  totale sposi-valori per mille,2004,453,,,,,,,,,,,,
A,Annuale,ITC4,Lombardia,NUPT_TOTM_FROM2017,Tasso di nuzialità  totale sposi-valori per mille,2005,455,,,,,,,,,,,,
A,Annuale,ITC4,Lombardia,NUPT_TOTM_FROM2017,Tasso di nuzialità  totale sposi-valori per mille,2006,455.4,,,,,,,,,,,,
A,Annuale,ITC4,Lombardia,NUPT_TOTM_FROM2017,Tasso di nuzialità  totale sposi-valori per mille,2007,477.1,,,,,,,,,,,,
A,Annuale,ITC4,Lombardia,NUPT_TOTM_FROM2017,Tasso di nuzialità  totale sposi-valori per mille,2008,465.9,,,,,,,,,,,,
A,Annuale,ITC4,Lombardia,NUPT_TOTM_FROM2017,Tasso di nuzialità  totale sposi-valori per mille,2009,436.5,,,,,,,,,,,,
A,Annuale,ITC4,Lombardia,NUPT_TOTM_FROM2017,Tasso di nuzialità  totale sposi-valori per mille,2010,407.1,,,,,,,,,,,,
A,Annuale,ITC4,Lombardia,NUPT_TOTM_FROM2017,Tasso di nuzialità  totale sposi-valori per mille,2011,388.5,,,,,,,,,,,,
A,Annuale,ITC4,Lombardia,NUPT_TOTM_FROM2017,Tasso di nuzialità  totale sposi-valori per mille,2012,389.6,,,,,,,,,,,,
A,Annuale,ITC4,Lombardia,NUPT_TOTM_FROM2017,Tasso di nuzialità  totale sposi-valori per mille,2013,361.3,,,,,,,,,,,,
A,Annuale,ITC4,Lombardia,NUPT_TOTM_FROM2017,Tasso di nuzialità  totale sposi-valori per mille,2014,352.5,,,,,,,,,,,,
A,Annuale,ITC4,Lombardia,NUPT_TOTM_FROM2017,Tasso di nuzialità  totale sposi-valori per mille,2015,361.3,,,,,,,,,,,,
A,Annuale,ITC4,Lombardia,NUPT_TOTM_FROM2017,Tasso di nuzialità  totale sposi-valori per mille,2016,379.5,,,,,,,,,,,,
A,Annuale,ITC4,Lombardia,NUPT_TOTM_FROM2017,Tasso di nuzialità  totale sposi-valori per mille,2017,349.4,,,,,,,,,,,,
A,Annuale,ITC4,Lombardia,NUPT_TOTM_FROM2017,Tasso di nuzialità  totale sposi-valori per mille,2018,361.7,,,,,,,,,,,,
A,Annuale,ITC4,Lombardia,NUPT_TOTM_FROM2017,Tasso di nuzialità  totale sposi-valori per mille,2019,343.2,,,,,,,,,,,,
A,Annuale,ITC4,Lombardia,NUPT_TOTM_FROM2017,Tasso di nuzialità  totale sposi-valori per mille,2020,175.4,,,,,,,,,,,,
A,Annuale,ITC4,Lombardia,NUPT_TOTM_FROM2017,Tasso di nuzialità  totale sposi-valori per mille,2021,326,,,,,,,,,,,,
A,Annuale,ITC4,Lombardia,NUPT_TOTM_FROM2017,Tasso di nuzialità  totale sposi-valori per mille,2022,358,,,,,,,,,,,,
A,Annuale,ITC4,Lombardia,NUPT_TOTM_FROM2017,Tasso di nuzialità  totale sposi-valori per mille,2023,349,e,Dato stimato,,,,,,,,,,
A,Annuale,ITC4,Lombardia,NUPT_TOTW_FROM2017,Tasso di nuzialità totale spose-valori per mille,2004,532.9,,,,,,,,,,,,
A,Annuale,ITC4,Lombardia,NUPT_TOTW_FROM2017,Tasso di nuzialità totale spose-valori per mille,2005,540,,,,,,,,,,,,
A,Annuale,ITC4,Lombardia,NUPT_TOTW_FROM2017,Tasso di nuzialità totale spose-valori per mille,2006,541.1,,,,,,,,,,,,
A,Annuale,ITC4,Lombardia,NUPT_TOTW_FROM2017,Tasso di nuzialità totale spose-valori per mille,2007,559.8,,,,,,,,,,,,
A,Annuale,ITC4,Lombardia,NUPT_TOTW_FROM2017,Tasso di nuzialità totale spose-valori per mille,2008,545.2,,,,,,,,,,,,
A,Annuale,ITC4,Lombardia,NUPT_TOTW_FROM2017,Tasso di nuzialità totale spose-valori per mille,2009,507.1,,,,,,,,,,,,
A,Annuale,ITC4,Lombardia,NUPT_TOTW_FROM2017,Tasso di nuzialità totale spose-valori per mille,2010,469.4,,,,,,,,,,,,
A,Annuale,ITC4,Lombardia,NUPT_TOTW_FROM2017,Tasso di nuzialità totale spose-valori per mille,2011,447.3,,,,,,,,,,,,
A,Annuale,ITC4,Lombardia,NUPT_TOTW_FROM2017,Tasso di nuzialità totale spose-valori per mille,2012,451,,,,,,,,,,,,
A,Annuale,ITC4,Lombardia,NUPT_TOTW_FROM2017,Tasso di nuzialità totale spose-valori per mille,2013,419.4,,,,,,,,,,,,
A,Annuale,ITC4,Lombardia,NUPT_TOTW_FROM2017,Tasso di nuzialità totale spose-valori per mille,2014,409.2,,,,,,,,,,,,
A,Annuale,ITC4,Lombardia,NUPT_TOTW_FROM2017,Tasso di nuzialità totale spose-valori per mille,2015,420.7,,,,,,,,,,,,
A,Annuale,ITC4,Lombardia,NUPT_TOTW_FROM2017,Tasso di nuzialità totale spose-valori per mille,2016,440.6,,,,,,,,,,,,
A,Annuale,ITC4,Lombardia,NUPT_TOTW_FROM2017,Tasso di nuzialità totale spose-valori per mille,2017,407.5,,,,,,,,,,,,
A,Annuale,ITC4,Lombardia,NUPT_TOTW_FROM2017,Tasso di nuzialità totale spose-valori per mille,2018,422.2,,,,,,,,,,,,
A,Annuale,ITC4,Lombardia,NUPT_TOTW_FROM2017,Tasso di nuzialità totale spose-valori per mille,2019,399.5,,,,,,,,,,,,
A,Annuale,ITC4,Lombardia,NUPT_TOTW_FROM2017,Tasso di nuzialità totale spose-valori per mille,2020,208.7,,,,,,,,,,,,
A,Annuale,ITC4,Lombardia,NUPT_TOTW_FROM2017,Tasso di nuzialità totale spose-valori per mille,2021,381.5,,,,,,,,,,,,
A,Annuale,ITC4,Lombardia,NUPT_TOTW_FROM2017,Tasso di nuzialità totale spose-valori per mille,2022,417.8,,,,,,,,,,,,
A,Annuale,ITC4,Lombardia,NUPT_TOTW_FROM2017,Tasso di nuzialità totale spose-valori per mille,2023,407.6,e,Dato stimato,,,,,,,,,,
A,Annuale,ITC4,Lombardia,MAGEMBRGR_FROM2017,Età  media al matrimonio sposi (tutte le età),2004,34.8,,,,,TIPO_DATO15__MAGEMBRGR_FROM2017_N1,'Età media delle spose, ponderata con i quozienti specifici di nuzialità.Per gli anni 2010-2016 si può cliccare sul Tipo dato e selezionare l"'indicatore corrispondente',,,,,,
A,Annuale,ITC4,Lombardia,MAGEMBRGR_FROM2017,Età  media al matrimonio sposi (tutte le età),2005,34.86,,,,,TIPO_DATO15__MAGEMBRGR_FROM2017_N1,'Età media delle spose, ponderata con i quozienti specifici di nuzialità.Per gli anni 2010-2016 si può cliccare sul Tipo dato e selezionare l"'indicatore corrispondente',,,,,,
A,Annuale,ITC4,Lombardia,MAGEMBRGR_FROM2017,Età  media al matrimonio sposi (tutte le età),2006,35.37,,,,,TIPO_DATO15__MAGEMBRGR_FROM2017_N1,'Età media delle spose, ponderata con i quozienti specifici di nuzialità.Per gli anni 2010-2016 si può cliccare sul Tipo dato e selezionare l"'indicatore corrispondente',,,,,,
A,Annuale,ITC4,Lombardia,MAGEMBRGR_FROM2017,Età  media al matrimonio sposi (tutte le età),2007,35.19,,,,,TIPO_DATO15__MAGEMBRGR_FROM2017_N1,'Età media delle spose, ponderata con i quozienti specifici di nuzialità.Per gli anni 2010-2016 si può cliccare sul Tipo dato e selezionare l"'indicatore corrispondente',,,,,,
A,Annuale,ITC4,Lombardia,MAGEMBRGR_FROM2017,Età  media al matrimonio sposi (tutte le età),2008,35.44,,,,,TIPO_DATO15__MAGEMBRGR_FROM2017_N1,'Età media delle spose, ponderata con i quozienti specifici di nuzialità.Per gli anni 2010-2016 si può cliccare sul Tipo dato e selezionare l"'indicatore corrispondente',,,,,,
A,Annuale,ITC4,Lombardia,MAGEMBRGR_FROM2017,Età  media al matrimonio sposi (tutte le età),2009,35.71,,,,,TIPO_DATO15__MAGEMBRGR_FROM2017_N1,'Età media delle spose, ponderata con i quozienti specifici di nuzialità.Per gli anni 2010-2016 si può cliccare sul Tipo dato e selezionare l"'indicatore corrispondente',,,,,,
A,Annuale,ITC4,Lombardia,MAGEMBRGR_FROM2017,Età  media al matrimonio sposi (tutte le età),2010,36.45,,,,,TIPO_DATO15__MAGEMBRGR_FROM2017_N1,'Età media delle spose, ponderata con i quozienti specifici di nuzialità.Per gli anni 2010-2016 si può cliccare sul Tipo dato e selezionare l"'indicatore corrispondente',,,,,,
A,Annuale,ITC4,Lombardia,MAGEMBRGR_FROM2017,Età  media al matrimonio sposi (tutte le età),2011,36.64,,,,,TIPO_DATO15__MAGEMBRGR_FROM2017_N1,'Età media delle spose, ponderata con i quozienti specifici di nuzialità.Per gli anni 2010-2016 si può cliccare sul Tipo dato e selezionare l"'indicatore corrispondente',,,,,,
A,Annuale,ITC4,Lombardia,MAGEMBRGR_FROM2017,Età  media al matrimonio sposi (tutte le età),2012,37.08,,,,,TIPO_DATO15__MAGEMBRGR_FROM2017_N1,'Età media delle spose, ponderata con i quozienti specifici di nuzialità.Per gli anni 2010-2016 si può cliccare sul Tipo dato e selezionare l"'indicatore corrispondente',,,,,,
A,Annuale,ITC4,Lombardia,MAGEMBRGR_FROM2017,Età  media al matrimonio sposi (tutte le età),2013,37.38,,,,,TIPO_DATO15__MAGEMBRGR_FROM2017_N1,'Età media delle spose, ponderata con i quozienti specifici di nuzialità.Per gli anni 2010-2016 si può cliccare sul Tipo dato e selezionare l"'indicatore corrispondente',,,,,,
A,Annuale,ITC4,Lombardia,MAGEMBRGR_FROM2017,Età  media al matrimonio sposi (tutte le età),2014,37.55,,,,,TIPO_DATO15__MAGEMBRGR_FROM2017_N1,'Età media delle spose, ponderata con i quozienti specifici di nuzialità.Per gli anni 2010-2016 si può cliccare sul Tipo dato e selezionare l"'indicatore corrispondente',,,,,,
A,Annuale,ITC4,Lombardia,MAGEMBRGR_FROM2017,Età  media al matrimonio sposi (tutte le età),2015,38.15,,,,,TIPO_DATO15__MAGEMBRGR_FROM2017_N1,'Età media delle spose, ponderata con i quozienti specifici di nuzialità.Per gli anni 2010-2016 si può cliccare sul Tipo dato e selezionare l"'indicatore corrispondente',,,,,,
A,Annuale,ITC4,Lombardia,MAGEMBRGR_FROM2017,Età  media al matrimonio sposi (tutte le età),2016,38.52,,,,,TIPO_DATO15__MAGEMBRGR_FROM2017_N1,'Età media delle spose, ponderata con i quozienti specifici di nuzialità.Per gli anni 2010-2016 si può cliccare sul Tipo dato e selezionare l"'indicatore corrispondente',,,,,,
A,Annuale,ITC4,Lombardia,MAGEMBRGR_FROM2017,Età  media al matrimonio sposi (tutte le età),2017,39.21,,,,,TIPO_DATO15__MAGEMBRGR_FROM2017_N1,'Età media delle spose, ponderata con i quozienti specifici di nuzialità.Per gli anni 2010-2016 si può cliccare sul Tipo dato e selezionare l"'indicatore corrispondente',,,,,,
A,Annuale,ITC4,Lombardia,MAGEMBRGR_FROM2017,Età  media al matrimonio sposi (tutte le età),2018,39.38,,,,,TIPO_DATO15__MAGEMBRGR_FROM2017_N1,'Età media delle spose, ponderata con i quozienti specifici di nuzialità.Per gli anni 2010-2016 si può cliccare sul Tipo dato e selezionare l"'indicatore corrispondente',,,,,,
A,Annuale,ITC4,Lombardia,MAGEMBRGR_FROM2017,Età  media al matrimonio sposi (tutte le età),2019,39.83,,,,,TIPO_DATO15__MAGEMBRGR_FROM2017_N1,'Età media delle spose, ponderata con i quozienti specifici di nuzialità.Per gli anni 2010-2016 si può cliccare sul Tipo dato e selezionare l"'indicatore corrispondente',,,,,,
A,Annuale,ITC4,Lombardia,MAGEMBRGR_FROM2017,Età  media al matrimonio sposi (tutte le età),2020,42.31,,,,,TIPO_DATO15__MAGEMBRGR_FROM2017_N1,'Età media delle spose, ponderata con i quozienti specifici di nuzialità.Per gli anni 2010-2016 si può cliccare sul Tipo dato e selezionare l"'indicatore corrispondente',,,,,,
A,Annuale,ITC4,Lombardia,MAGEMBRGR_FROM2017,Età  media al matrimonio sposi (tutte le età),2021,40.88,,,,,TIPO_DATO15__MAGEMBRGR_FROM2017_N1,'Età media delle spose, ponderata con i quozienti specifici di nuzialità.Per gli anni 2010-2016 si può cliccare sul Tipo dato e selezionare l"'indicatore corrispondente',,,,,,
A,Annuale,ITC4,Lombardia,MAGEMBRGR_FROM2017,Età  media al matrimonio sposi (tutte le età),2022,41.04,,,,,TIPO_DATO15__MAGEMBRGR_FROM2017_N1,'Età media delle spose, ponderata con i quozienti specifici di nuzialità.Per gli anni 2010-2016 si può cliccare sul Tipo dato e selezionare l"'indicatore corrispondente',,,,,,
A,Annuale,ITC4,Lombardia,MAGEMBRGR_FROM2017,Età  media al matrimonio sposi (tutte le età),2023,41.93,e,Dato stimato,,,TIPO_DATO15__MAGEMBRGR_FROM2017_N1,'Età media delle spose, ponderata con i quozienti specifici di nuzialità.Per gli anni 2010-2016 si può cliccare sul Tipo dato e selezionare l"'indicatore corrispondente',,,,,,
A,Annuale,ITC4,Lombardia,MAGEMBR_FROM2017,Età  media al matrimonio spose (tutte le età),2004,30.26,,,,,TIPO_DATO15__MAGEMBR_FROM2017_N1,'Età media delle spose, ponderata con i quozienti specifici di nuzialità.Per gli anni 2010-2016 si può cliccare sul Tipo dato e selezionare l"'indicatore corrispondente',,,,,,
A,Annuale,ITC4,Lombardia,MAGEMBR_FROM2017,Età  media al matrimonio spose (tutte le età),2005,30.57,,,,,TIPO_DATO15__MAGEMBR_FROM2017_N1,'Età media delle spose, ponderata con i quozienti specifici di nuzialità.Per gli anni 2010-2016 si può cliccare sul Tipo dato e selezionare l"'indicatore corrispondente',,,,,,
A,Annuale,ITC4,Lombardia,MAGEMBR_FROM2017,Età  media al matrimonio spose (tutte le età),2006,30.88,,,,,TIPO_DATO15__MAGEMBR_FROM2017_N1,'Età media delle spose, ponderata con i quozienti specifici di nuzialità.Per gli anni 2010-2016 si può cliccare sul Tipo dato e selezionare l"'indicatore corrispondente',,,,,,
A,Annuale,ITC4,Lombardia,MAGEMBR_FROM2017,Età  media al matrimonio spose (tutte le età),2007,31.22,,,,,TIPO_DATO15__MAGEMBR_FROM2017_N1,'Età media delle spose, ponderata con i quozienti specifici di nuzialità.Per gli anni 2010-2016 si può cliccare sul Tipo dato e selezionare l"'indicatore corrispondente',,,,,,
A,Annuale,ITC4,Lombardia,MAGEMBR_FROM2017,Età  media al matrimonio spose (tutte le età),2008,31.41,,,,,TIPO_DATO15__MAGEMBR_FROM2017_N1,'Età media delle spose, ponderata con i quozienti specifici di nuzialità.Per gli anni 2010-2016 si può cliccare sul Tipo dato e selezionare l"'indicatore corrispondente',,,,,,
A,Annuale,ITC4,Lombardia,MAGEMBR_FROM2017,Età  media al matrimonio spose (tutte le età),2009,31.73,,,,,TIPO_DATO15__MAGEMBR_FROM2017_N1,'Età media delle spose, ponderata con i quozienti specifici di nuzialità.Per gli anni 2010-2016 si può cliccare sul Tipo dato e selezionare l"'indicatore corrispondente',,,,,,
A,Annuale,ITC4,Lombardia,MAGEMBR_FROM2017,Età  media al matrimonio spose (tutte le età),2010,32.35,,,,,TIPO_DATO15__MAGEMBR_FROM2017_N1,'Età media delle spose, ponderata con i quozienti specifici di nuzialità.Per gli anni 2010-2016 si può cliccare sul Tipo dato e selezionare l"'indicatore corrispondente',,,,,,
A,Annuale,ITC4,Lombardia,MAGEMBR_FROM2017,Età  media al matrimonio spose (tutte le età),2011,32.52,,,,,TIPO_DATO15__MAGEMBR_FROM2017_N1,'Età media delle spose, ponderata con i quozienti specifici di nuzialità.Per gli anni 2010-2016 si può cliccare sul Tipo dato e selezionare l"'indicatore corrispondente',,,,,,
A,Annuale,ITC4,Lombardia,MAGEMBR_FROM2017,Età  media al matrimonio spose (tutte le età),2012,32.84,,,,,TIPO_DATO15__MAGEMBR_FROM2017_N1,'Età media delle spose, ponderata con i quozienti specifici di nuzialità.Per gli anni 2010-2016 si può cliccare sul Tipo dato e selezionare l"'indicatore corrispondente',,,,,,
A,Annuale,ITC4,Lombardia,MAGEMBR_FROM2017,Età  media al matrimonio spose (tutte le età),2013,33.23,,,,,TIPO_DATO15__MAGEMBR_FROM2017_N1,'Età media delle spose, ponderata con i quozienti specifici di nuzialità.Per gli anni 2010-2016 si può cliccare sul Tipo dato e selezionare l"'indicatore corrispondente',,,,,,
A,Annuale,ITC4,Lombardia,MAGEMBR_FROM2017,Età  media al matrimonio spose (tutte le età),2014,33.38,,,,,TIPO_DATO15__MAGEMBR_FROM2017_N1,'Età media delle spose, ponderata con i quozienti specifici di nuzialità.Per gli anni 2010-2016 si può cliccare sul Tipo dato e selezionare l"'indicatore corrispondente',,,,,,
A,Annuale,ITC4,Lombardia,MAGEMBR_FROM2017,Età  media al matrimonio spose (tutte le età),2015,33.92,,,,,TIPO_DATO15__MAGEMBR_FROM2017_N1,'Età media delle spose, ponderata con i quozienti specifici di nuzialità.Per gli anni 2010-2016 si può cliccare sul Tipo dato e selezionare l"'indicatore corrispondente',,,,,,
A,Annuale,ITC4,Lombardia,MAGEMBR_FROM2017,Età  media al matrimonio spose (tutte le età),2016,34.32,,,,,TIPO_DATO15__MAGEMBR_FROM2017_N1,'Età media delle spose, ponderata con i quozienti specifici di nuzialità.Per gli anni 2010-2016 si può cliccare sul Tipo dato e selezionare l"'indicatore corrispondente',,,,,,
A,Annuale,ITC4,Lombardia,MAGEMBR_FROM2017,Età  media al matrimonio spose (tutte le età),2017,34.82,,,,,TIPO_DATO15__MAGEMBR_FROM2017_N1,'Età media delle spose, ponderata con i quozienti specifici di nuzialità.Per gli anni 2010-2016 si può cliccare sul Tipo dato e selezionare l"'indicatore corrispondente',,,,,,
A,Annuale,ITC4,Lombardia,MAGEMBR_FROM2017,Età  media al matrimonio spose (tutte le età),2018,35.05,,,,,TIPO_DATO15__MAGEMBR_FROM2017_N1,'Età media delle spose, ponderata con i quozienti specifici di nuzialità.Per gli anni 2010-2016 si può cliccare sul Tipo dato e selezionare l"'indicatore corrispondente',,,,,,
A,Annuale,ITC4,Lombardia,MAGEMBR_FROM2017,Età  media al matrimonio spose (tutte le età),2019,35.51,,,,,TIPO_DATO15__MAGEMBR_FROM2017_N1,'Età media delle spose, ponderata con i quozienti specifici di nuzialità.Per gli anni 2010-2016 si può cliccare sul Tipo dato e selezionare l"'indicatore corrispondente',,,,,,
A,Annuale,ITC4,Lombardia,MAGEMBR_FROM2017,Età  media al matrimonio spose (tutte le età),2020,37.27,,,,,TIPO_DATO15__MAGEMBR_FROM2017_N1,'Età media delle spose, ponderata con i quozienti specifici di nuzialità.Per gli anni 2010-2016 si può cliccare sul Tipo dato e selezionare l"'indicatore corrispondente',,,,,,
A,Annuale,ITC4,Lombardia,MAGEMBR_FROM2017,Età  media al matrimonio spose (tutte le età),2021,36.41,,,,,TIPO_DATO15__MAGEMBR_FROM2017_N1,'Età media delle spose, ponderata con i quozienti specifici di nuzialità.Per gli anni 2010-2016 si può cliccare sul Tipo dato e selezionare l"'indicatore corrispondente',,,,,,
A,Annuale,ITC4,Lombardia,MAGEMBR_FROM2017,Età  media al matrimonio spose (tutte le età),2022,36.81,,,,,TIPO_DATO15__MAGEMBR_FROM2017_N1,'Età media delle spose, ponderata con i quozienti specifici di nuzialità.Per gli anni 2010-2016 si può cliccare sul Tipo dato e selezionare l"'indicatore corrispondente',,,,,,
A,Annuale,ITC4,Lombardia,MAGEMBR_FROM2017,Età  media al matrimonio spose (tutte le età),2023,37.47,e,Dato stimato,,,TIPO_DATO15__MAGEMBR_FROM2017_N1,'Età media delle spose, ponderata con i quozienti specifici di nuzialità.Per gli anni 2010-2016 si può cliccare sul Tipo dato e selezionare l"'indicatore corrispondente',,,,,,
A,Annuale,ITDA,Trentino Alto Adige / Südtirol,CMARRGP_FROM2017,Matrimoni civili (%),2004,49.2,,,,,,,,,,,,
A,Annuale,ITDA,Trentino Alto Adige / Südtirol,CMARRGP_FROM2017,Matrimoni civili (%),2005,50.4,,,,,,,,,,,,
A,Annuale,ITDA,Trentino Alto Adige / Südtirol,CMARRGP_FROM2017,Matrimoni civili (%),2006,51.7,,,,,,,,,,,,
A,Annuale,ITDA,Trentino Alto Adige / Südtirol,CMARRGP_FROM2017,Matrimoni civili (%),2007,53.2,,,,,,,,,,,,
A,Annuale,ITDA,Trentino Alto Adige / Südtirol,CMARRGP_FROM2017,Matrimoni civili (%),2008,54.1,,,,,,,,,,,,
A,Annuale,ITDA,Trentino Alto Adige / Südtirol,CMARRGP_FROM2017,Matrimoni civili (%),2009,55.4,,,,,,,,,,,,
A,Annuale,ITDA,Trentino Alto Adige / Südtirol,CMARRGP_FROM2017,Matrimoni civili (%),2010,57.5,,,,,,,,,,,,
A,Annuale,ITDA,Trentino Alto Adige / Südtirol,CMARRGP_FROM2017,Matrimoni civili (%),2011,58.2,,,,,,,,,,,,
A,Annuale,ITDA,Trentino Alto Adige / Südtirol,CMARRGP_FROM2017,Matrimoni civili (%),2012,58.7,,,,,,,,,,,,
A,Annuale,ITDA,Trentino Alto Adige / Südtirol,CMARRGP_FROM2017,Matrimoni civili (%),2013,58.9,,,,,,,,,,,,
A,Annuale,ITDA,Trentino Alto Adige / Südtirol,CMARRGP_FROM2017,Matrimoni civili (%),2014,59.4,,,,,,,,,,,,
A,Annuale,ITDA,Trentino Alto Adige / Südtirol,CMARRGP_FROM2017,Matrimoni civili (%),2015,62.9,,,,,,,,,,,,
A,Annuale,ITDA,Trentino Alto Adige / Südtirol,CMARRGP_FROM2017,Matrimoni civili (%),2016,64.9,,,,,,,,,,,,
A,Annuale,ITDA,Trentino Alto Adige / Südtirol,CMARRGP_FROM2017,Matrimoni civili (%),2017,66.4,,,,,,,,,,,,
A,Annuale,ITDA,Trentino Alto Adige / Südtirol,CMARRGP_FROM2017,Matrimoni civili (%),2018,66.2,,,,,,,,,,,,
A,Annuale,ITDA,Trentino Alto Adige / Südtirol,CMARRGP_FROM2017,Matrimoni civili (%),2019,70,,,,,,,,,,,,
A,Annuale,ITDA,Trentino Alto Adige / Südtirol,CMARRGP_FROM2017,Matrimoni civili (%),2020,80.4,,,,,,,,,,,,
A,Annuale,ITDA,Trentino Alto Adige / Südtirol,CMARRGP_FROM2017,Matrimoni civili (%),2021,72.9,,,,,,,,,,,,
A,Annuale,ITDA,Trentino Alto Adige / Südtirol,CMARRGP_FROM2017,Matrimoni civili (%),2022,72.7,,,,,,,,,,,,
A,Annuale,ITDA,Trentino Alto Adige / Südtirol,CMARRGP_FROM2017,Matrimoni civili (%),2023,73.4,,,,,,,,,,,,
A,Annuale,ITDA,Trentino Alto Adige / Südtirol,NUPT_TOTM_FROM2017,Tasso di nuzialità  totale sposi-valori per mille,2004,467.4,,,,,,,,,,,,
A,Annuale,ITDA,Trentino Alto Adige / Südtirol,NUPT_TOTM_FROM2017,Tasso di nuzialità  totale sposi-valori per mille,2005,459.6,,,,,,,,,,,,
A,Annuale,ITDA,Trentino Alto Adige / Südtirol,NUPT_TOTM_FROM2017,Tasso di nuzialità  totale sposi-valori per mille,2006,470.8,,,,,,,,,,,,
A,Annuale,ITDA,Trentino Alto Adige / Südtirol,NUPT_TOTM_FROM2017,Tasso di nuzialità  totale sposi-valori per mille,2007,466.4,,,,,,,,,,,,
A,Annuale,ITDA,Trentino Alto Adige / Südtirol,NUPT_TOTM_FROM2017,Tasso di nuzialità  totale sposi-valori per mille,2008,452.6,,,,,,,,,,,,
A,Annuale,ITDA,Trentino Alto Adige / Südtirol,NUPT_TOTM_FROM2017,Tasso di nuzialità  totale sposi-valori per mille,2009,454.1,,,,,,,,,,,,
A,Annuale,ITDA,Trentino Alto Adige / Südtirol,NUPT_TOTM_FROM2017,Tasso di nuzialità  totale sposi-valori per mille,2010,443.1,,,,,,,,,,,,
A,Annuale,ITDA,Trentino Alto Adige / Südtirol,NUPT_TOTM_FROM2017,Tasso di nuzialità  totale sposi-valori per mille,2011,473.9,,,,,,,,,,,,
A,Annuale,ITDA,Trentino Alto Adige / Südtirol,NUPT_TOTM_FROM2017,Tasso di nuzialità  totale sposi-valori per mille,2012,475.5,,,,,,,,,,,,
A,Annuale,ITDA,Trentino Alto Adige / Südtirol,NUPT_TOTM_FROM2017,Tasso di nuzialità  totale sposi-valori per mille,2013,433.6,,,,,,,,,,,,
A,Annuale,ITDA,Trentino Alto Adige / Südtirol,NUPT_TOTM_FROM2017,Tasso di nuzialità  totale sposi-valori per mille,2014,447.8,,,,,,,,,,,,
A,Annuale,ITDA,Trentino Alto Adige / Südtirol,NUPT_TOTM_FROM2017,Tasso di nuzialità  totale sposi-valori per mille,2015,461.1,,,,,,,,,,,,
A,Annuale,ITDA,Trentino Alto Adige / Südtirol,NUPT_TOTM_FROM2017,Tasso di nuzialità  totale sposi-valori per mille,2016,471.5,,,,,,,,,,,,
A,Annuale,ITDA,Trentino Alto Adige / Südtirol,NUPT_TOTM_FROM2017,Tasso di nuzialità  totale sposi-valori per mille,2017,440.1,,,,,,,,,,,,
A,Annuale,ITDA,Trentino Alto Adige / Südtirol,NUPT_TOTM_FROM2017,Tasso di nuzialità  totale sposi-valori per mille,2018,476.7,,,,,,,,,,,,
A,Annuale,ITDA,Trentino Alto Adige / Südtirol,NUPT_TOTM_FROM2017,Tasso di nuzialità  totale sposi-valori per mille,2019,436.4,,,,,,,,,,,,
A,Annuale,ITDA,Trentino Alto Adige / Südtirol,NUPT_TOTM_FROM2017,Tasso di nuzialità  totale sposi-valori per mille,2020,304.6,,,,,,,,,,,,
A,Annuale,ITDA,Trentino Alto Adige / Südtirol,NUPT_TOTM_FROM2017,Tasso di nuzialità  totale sposi-valori per mille,2021,405.3,,,,,,,,,,,,
A,Annuale,ITDA,Trentino Alto Adige / Südtirol,NUPT_TOTM_FROM2017,Tasso di nuzialità  totale sposi-valori per mille,2022,453.7,,,,,,,,,,,,
A,Annuale,ITDA,Trentino Alto Adige / Südtirol,NUPT_TOTM_FROM2017,Tasso di nuzialità  totale sposi-valori per mille,2023,439.3,e,Dato stimato,,,,,,,,,,
A,Annuale,ITDA,Trentino Alto Adige / Südtirol,NUPT_TOTW_FROM2017,Tasso di nuzialità totale spose-valori per mille,2004,539,,,,,,,,,,,,
A,Annuale,ITDA,Trentino Alto Adige / Südtirol,NUPT_TOTW_FROM2017,Tasso di nuzialità totale spose-valori per mille,2005,535.8,,,,,,,,,,,,
A,Annuale,ITDA,Trentino Alto Adige / Südtirol,NUPT_TOTW_FROM2017,Tasso di nuzialità totale spose-valori per mille,2006,544.2,,,,,,,,,,,,
A,Annuale,ITDA,Trentino Alto Adige / Südtirol,NUPT_TOTW_FROM2017,Tasso di nuzialità totale spose-valori per mille,2007,537.4,,,,,,,,,,,,
A,Annuale,ITDA,Trentino Alto Adige / Südtirol,NUPT_TOTW_FROM2017,Tasso di nuzialità totale spose-valori per mille,2008,517.5,,,,,,,,,,,,
A,Annuale,ITDA,Trentino Alto Adige / Südtirol,NUPT_TOTW_FROM2017,Tasso di nuzialità totale spose-valori per mille,2009,515.5,,,,,,,,,,,,
A,Annuale,ITDA,Trentino Alto Adige / Südtirol,NUPT_TOTW_FROM2017,Tasso di nuzialità totale spose-valori per mille,2010,506,,,,,,,,,,,,
A,Annuale,ITDA,Trentino Alto Adige / Südtirol,NUPT_TOTW_FROM2017,Tasso di nuzialità totale spose-valori per mille,2011,541.1,,,,,,,,,,,,
A,Annuale,ITDA,Trentino Alto Adige / Südtirol,NUPT_TOTW_FROM2017,Tasso di nuzialità totale spose-valori per mille,2012,540.2,,,,,,,,,,,,
A,Annuale,ITDA,Trentino Alto Adige / Südtirol,NUPT_TOTW_FROM2017,Tasso di nuzialità totale spose-valori per mille,2013,490.9,,,,,,,,,,,,
A,Annuale,ITDA,Trentino Alto Adige / Südtirol,NUPT_TOTW_FROM2017,Tasso di nuzialità totale spose-valori per mille,2014,506.8,,,,,,,,,,,,
A,Annuale,ITDA,Trentino Alto Adige / Südtirol,NUPT_TOTW_FROM2017,Tasso di nuzialità totale spose-valori per mille,2015,520.5,,,,,,,,,,,,
A,Annuale,ITDA,Trentino Alto Adige / Südtirol,NUPT_TOTW_FROM2017,Tasso di nuzialità totale spose-valori per mille,2016,531.7,,,,,,,,,,,,
A,Annuale,ITDA,Trentino Alto Adige / Südtirol,NUPT_TOTW_FROM2017,Tasso di nuzialità totale spose-valori per mille,2017,508.1,,,,,,,,,,,,
A,Annuale,ITDA,Trentino Alto Adige / Südtirol,NUPT_TOTW_FROM2017,Tasso di nuzialità totale spose-valori per mille,2018,538,,,,,,,,,,,,
A,Annuale,ITDA,Trentino Alto Adige / Südtirol,NUPT_TOTW_FROM2017,Tasso di nuzialità totale spose-valori per mille,2019,503.8,,,,,,,,,,,,
A,Annuale,ITDA,Trentino Alto Adige / Südtirol,NUPT_TOTW_FROM2017,Tasso di nuzialità totale spose-valori per mille,2020,352.6,,,,,,,,,,,,
A,Annuale,ITDA,Trentino Alto Adige / Südtirol,NUPT_TOTW_FROM2017,Tasso di nuzialità totale spose-valori per mille,2021,466.3,,,,,,,,,,,,
A,Annuale,ITDA,Trentino Alto Adige / Südtirol,NUPT_TOTW_FROM2017,Tasso di nuzialità totale spose-valori per mille,2022,528.2,,,,,,,,,,,,
A,Annuale,ITDA,Trentino Alto Adige / Südtirol,NUPT_TOTW_FROM2017,Tasso di nuzialità totale spose-valori per mille,2023,505.7,e,Dato stimato,,,,,,,,,,
A,Annuale,ITDA,Trentino Alto Adige / Südtirol,MAGEMBRGR_FROM2017,Età  media al matrimonio sposi (tutte le età),2004,34.96,,,,,TIPO_DATO15__MAGEMBRGR_FROM2017_N1,'Età media delle spose, ponderata con i quozienti specifici di nuzialità.Per gli anni 2010-2016 si può cliccare sul Tipo dato e selezionare l"'indicatore corrispondente',,,,,,
A,Annuale,ITDA,Trentino Alto Adige / Südtirol,MAGEMBRGR_FROM2017,Età  media al matrimonio sposi (tutte le età),2005,36.65,,,,,TIPO_DATO15__MAGEMBRGR_FROM2017_N1,'Età media delle spose, ponderata con i quozienti specifici di nuzialità.Per gli anni 2010-2016 si può cliccare sul Tipo dato e selezionare l"'indicatore corrispondente',,,,,,
A,Annuale,ITDA,Trentino Alto Adige / Südtirol,MAGEMBRGR_FROM2017,Età  media al matrimonio sposi (tutte le età),2006,36.77,,,,,TIPO_DATO15__MAGEMBRGR_FROM2017_N1,'Età media delle spose, ponderata con i quozienti specifici di nuzialità.Per gli anni 2010-2016 si può cliccare sul Tipo dato e selezionare l"'indicatore corrispondente',,,,,,
A,Annuale,ITDA,Trentino Alto Adige / Südtirol,MAGEMBRGR_FROM2017,Età  media al matrimonio sposi (tutte le età),2007,36.38,,,,,TIPO_DATO15__MAGEMBRGR_FROM2017_N1,'Età media delle spose, ponderata con i quozienti specifici di nuzialità.Per gli anni 2010-2016 si può cliccare sul Tipo dato e selezionare l"'indicatore corrispondente',,,,,,
A,Annuale,ITDA,Trentino Alto Adige / Südtirol,MAGEMBRGR_FROM2017,Età  media al matrimonio sposi (tutte le età),2008,36.51,,,,,TIPO_DATO15__MAGEMBRGR_FROM2017_N1,'Età media delle spose, ponderata con i quozienti specifici di nuzialità.Per gli anni 2010-2016 si può cliccare sul Tipo dato e selezionare l"'indicatore corrispondente',,,,,,
A,Annuale,ITDA,Trentino Alto Adige / Südtirol,MAGEMBRGR_FROM2017,Età  media al matrimonio sposi (tutte le età),2009,37.1,,,,,TIPO_DATO15__MAGEMBRGR_FROM2017_N1,'Età media delle spose, ponderata con i quozienti specifici di nuzialità.Per gli anni 2010-2016 si può cliccare sul Tipo dato e selezionare l"'indicatore corrispondente',,,,,,
A,Annuale,ITDA,Trentino Alto Adige / Südtirol,MAGEMBRGR_FROM2017,Età  media al matrimonio sposi (tutte le età),2010,37.9,,,,,TIPO_DATO15__MAGEMBRGR_FROM2017_N1,'Età media delle spose, ponderata con i quozienti specifici di nuzialità.Per gli anni 2010-2016 si può cliccare sul Tipo dato e selezionare l"'indicatore corrispondente',,,,,,
A,Annuale,ITDA,Trentino Alto Adige / Südtirol,MAGEMBRGR_FROM2017,Età  media al matrimonio sposi (tutte le età),2011,37.89,,,,,TIPO_DATO15__MAGEMBRGR_FROM2017_N1,'Età media delle spose, ponderata con i quozienti specifici di nuzialità.Per gli anni 2010-2016 si può cliccare sul Tipo dato e selezionare l"'indicatore corrispondente',,,,,,
A,Annuale,ITDA,Trentino Alto Adige / Südtirol,MAGEMBRGR_FROM2017,Età  media al matrimonio sposi (tutte le età),2012,38.12,,,,,TIPO_DATO15__MAGEMBRGR_FROM2017_N1,'Età media delle spose, ponderata con i quozienti specifici di nuzialità.Per gli anni 2010-2016 si può cliccare sul Tipo dato e selezionare l"'indicatore corrispondente',,,,,,
A,Annuale,ITDA,Trentino Alto Adige / Südtirol,MAGEMBRGR_FROM2017,Età  media al matrimonio sposi (tutte le età),2013,37.95,,,,,TIPO_DATO15__MAGEMBRGR_FROM2017_N1,'Età media delle spose, ponderata con i quozienti specifici di nuzialità.Per gli anni 2010-2016 si può cliccare sul Tipo dato e selezionare l"'indicatore corrispondente',,,,,,
A,Annuale,ITDA,Trentino Alto Adige / Südtirol,MAGEMBRGR_FROM2017,Età  media al matrimonio sposi (tutte le età),2014,38.1,,,,,TIPO_DATO15__MAGEMBRGR_FROM2017_N1,'Età media delle spose, ponderata con i quozienti specifici di nuzialità.Per gli anni 2010-2016 si può cliccare sul Tipo dato e selezionare l"'indicatore corrispondente',,,,,,
A,Annuale,ITDA,Trentino Alto Adige / Südtirol,MAGEMBRGR_FROM2017,Età  media al matrimonio sposi (tutte le età),2015,38.46,,,,,TIPO_DATO15__MAGEMBRGR_FROM2017_N1,'Età media delle spose, ponderata con i quozienti specifici di nuzialità.Per gli anni 2010-2016 si può cliccare sul Tipo dato e selezionare l"'indicatore corrispondente',,,,,,
A,Annuale,ITDA,Trentino Alto Adige / Südtirol,MAGEMBRGR_FROM2017,Età  media al matrimonio sposi (tutte le età),2016,38.82,,,,,TIPO_DATO15__MAGEMBRGR_FROM2017_N1,'Età media delle spose, ponderata con i quozienti specifici di nuzialità.Per gli anni 2010-2016 si può cliccare sul Tipo dato e selezionare l"'indicatore corrispondente',,,,,,
A,Annuale,ITDA,Trentino Alto Adige / Südtirol,MAGEMBRGR_FROM2017,Età  media al matrimonio sposi (tutte le età),2017,39.64,,,,,TIPO_DATO15__MAGEMBRGR_FROM2017_N1,'Età media delle spose, ponderata con i quozienti specifici di nuzialità.Per gli anni 2010-2016 si può cliccare sul Tipo dato e selezionare l"'indicatore corrispondente',,,,,,
A,Annuale,ITDA,Trentino Alto Adige / Südtirol,MAGEMBRGR_FROM2017,Età  media al matrimonio sposi (tutte le età),2018,39.67,,,,,TIPO_DATO15__MAGEMBRGR_FROM2017_N1,'Età media delle spose, ponderata con i quozienti specifici di nuzialità.Per gli anni 2010-2016 si può cliccare sul Tipo dato e selezionare l"'indicatore corrispondente',,,,,,
A,Annuale,ITDA,Trentino Alto Adige / Südtirol,MAGEMBRGR_FROM2017,Età  media al matrimonio sposi (tutte le età),2019,40.21,,,,,TIPO_DATO15__MAGEMBRGR_FROM2017_N1,'Età media delle spose, ponderata con i quozienti specifici di nuzialità.Per gli anni 2010-2016 si può cliccare sul Tipo dato e selezionare l"'indicatore corrispondente',,,,,,
A,Annuale,ITDA,Trentino Alto Adige / Südtirol,MAGEMBRGR_FROM2017,Età  media al matrimonio sposi (tutte le età),2020,40.63,,,,,TIPO_DATO15__MAGEMBRGR_FROM2017_N1,'Età media delle spose, ponderata con i quozienti specifici di nuzialità.Per gli anni 2010-2016 si può cliccare sul Tipo dato e selezionare l"'indicatore corrispondente',,,,,,
A,Annuale,ITDA,Trentino Alto Adige / Südtirol,MAGEMBRGR_FROM2017,Età  media al matrimonio sposi (tutte le età),2021,40.56,,,,,TIPO_DATO15__MAGEMBRGR_FROM2017_N1,'Età media delle spose, ponderata con i quozienti specifici di nuzialità.Per gli anni 2010-2016 si può cliccare sul Tipo dato e selezionare l"'indicatore corrispondente',,,,,,
A,Annuale,ITDA,Trentino Alto Adige / Südtirol,MAGEMBRGR_FROM2017,Età  media al matrimonio sposi (tutte le età),2022,40.99,,,,,TIPO_DATO15__MAGEMBRGR_FROM2017_N1,'Età media delle spose, ponderata con i quozienti specifici di nuzialità.Per gli anni 2010-2016 si può cliccare sul Tipo dato e selezionare l"'indicatore corrispondente',,,,,,
A,Annuale,ITDA,Trentino Alto Adige / Südtirol,MAGEMBRGR_FROM2017,Età  media al matrimonio sposi (tutte le età),2023,41.84,e,Dato stimato,,,TIPO_DATO15__MAGEMBRGR_FROM2017_N1,'Età media delle spose, ponderata con i quozienti specifici di nuzialità.Per gli anni 2010-2016 si può cliccare sul Tipo dato e selezionare l"'indicatore corrispondente',,,,,,
A,Annuale,ITDA,Trentino Alto Adige / Südtirol,MAGEMBR_FROM2017,Età  media al matrimonio spose (tutte le età),2004,30.75,,,,,TIPO_DATO15__MAGEMBR_FROM2017_N1,'Età media delle spose, ponderata con i quozienti specifici di nuzialità.Per gli anni 2010-2016 si può cliccare sul Tipo dato e selezionare l"'indicatore corrispondente',,,,,,
A,Annuale,ITDA,Trentino Alto Adige / Südtirol,MAGEMBR_FROM2017,Età  media al matrimonio spose (tutte le età),2005,31.11,,,,,TIPO_DATO15__MAGEMBR_FROM2017_N1,'Età media delle spose, ponderata con i quozienti specifici di nuzialità.Per gli anni 2010-2016 si può cliccare sul Tipo dato e selezionare l"'indicatore corrispondente',,,,,,
A,Annuale,ITDA,Trentino Alto Adige / Südtirol,MAGEMBR_FROM2017,Età  media al matrimonio spose (tutte le età),2006,31.93,,,,,TIPO_DATO15__MAGEMBR_FROM2017_N1,'Età media delle spose, ponderata con i quozienti specifici di nuzialità.Per gli anni 2010-2016 si può cliccare sul Tipo dato e selezionare l"'indicatore corrispondente',,,,,,
A,Annuale,ITDA,Trentino Alto Adige / Südtirol,MAGEMBR_FROM2017,Età  media al matrimonio spose (tutte le età),2007,31.98,,,,,TIPO_DATO15__MAGEMBR_FROM2017_N1,'Età media delle spose, ponderata con i quozienti specifici di nuzialità.Per gli anni 2010-2016 si può cliccare sul Tipo dato e selezionare l"'indicatore corrispondente',,,,,,
A,Annuale,ITDA,Trentino Alto Adige / Südtirol,MAGEMBR_FROM2017,Età  media al matrimonio spose (tutte le età),2008,32.33,,,,,TIPO_DATO15__MAGEMBR_FROM2017_N1,'Età media delle spose, ponderata con i quozienti specifici di nuzialità.Per gli anni 2010-2016 si può cliccare sul Tipo dato e selezionare l"'indicatore corrispondente',,,,,,
A,Annuale,ITDA,Trentino Alto Adige / Südtirol,MAGEMBR_FROM2017,Età  media al matrimonio spose (tutte le età),2009,32.81,,,,,TIPO_DATO15__MAGEMBR_FROM2017_N1,'Età media delle spose, ponderata con i quozienti specifici di nuzialità.Per gli anni 2010-2016 si può cliccare sul Tipo dato e selezionare l"'indicatore corrispondente',,,,,,
A,Annuale,ITDA,Trentino Alto Adige / Südtirol,MAGEMBR_FROM2017,Età  media al matrimonio spose (tutte le età),2010,33.34,,,,,TIPO_DATO15__MAGEMBR_FROM2017_N1,'Età media delle spose, ponderata con i quozienti specifici di nuzialità.Per gli anni 2010-2016 si può cliccare sul Tipo dato e selezionare l"'indicatore corrispondente',,,,,,
A,Annuale,ITDA,Trentino Alto Adige / Südtirol,MAGEMBR_FROM2017,Età  media al matrimonio spose (tutte le età),2011,33.49,,,,,TIPO_DATO15__MAGEMBR_FROM2017_N1,'Età media delle spose, ponderata con i quozienti specifici di nuzialità.Per gli anni 2010-2016 si può cliccare sul Tipo dato e selezionare l"'indicatore corrispondente',,,,,,
A,Annuale,ITDA,Trentino Alto Adige / Südtirol,MAGEMBR_FROM2017,Età  media al matrimonio spose (tutte le età),2012,33.59,,,,,TIPO_DATO15__MAGEMBR_FROM2017_N1,'Età media delle spose, ponderata con i quozienti specifici di nuzialità.Per gli anni 2010-2016 si può cliccare sul Tipo dato e selezionare l"'indicatore corrispondente',,,,,,
A,Annuale,ITDA,Trentino Alto Adige / Südtirol,MAGEMBR_FROM2017,Età  media al matrimonio spose (tutte le età),2013,33.68,,,,,TIPO_DATO15__MAGEMBR_FROM2017_N1,'Età media delle spose, ponderata con i quozienti specifici di nuzialità.Per gli anni 2010-2016 si può cliccare sul Tipo dato e selezionare l"'indicatore corrispondente',,,,,,
A,Annuale,ITDA,Trentino Alto Adige / Südtirol,MAGEMBR_FROM2017,Età  media al matrimonio spose (tutte le età),2014,33.99,,,,,TIPO_DATO15__MAGEMBR_FROM2017_N1,'Età media delle spose, ponderata con i quozienti specifici di nuzialità.Per gli anni 2010-2016 si può cliccare sul Tipo dato e selezionare l"'indicatore corrispondente',,,,,,
A,Annuale,ITDA,Trentino Alto Adige / Südtirol,MAGEMBR_FROM2017,Età  media al matrimonio spose (tutte le età),2015,34.4,,,,,TIPO_DATO15__MAGEMBR_FROM2017_N1,'Età media delle spose, ponderata con i quozienti specifici di nuzialità.Per gli anni 2010-2016 si può cliccare sul Tipo dato e selezionare l"'indicatore corrispondente',,,,,,
A,Annuale,ITDA,Trentino Alto Adige / Südtirol,MAGEMBR_FROM2017,Età  media al matrimonio spose (tutte le età),2016,34.71,,,,,TIPO_DATO15__MAGEMBR_FROM2017_N1,'Età media delle spose, ponderata con i quozienti specifici di nuzialità.Per gli anni 2010-2016 si può cliccare sul Tipo dato e selezionare l"'indicatore corrispondente',,,,,,
A,Annuale,ITDA,Trentino Alto Adige / Südtirol,MAGEMBR_FROM2017,Età  media al matrimonio spose (tutte le età),2017,35.41,,,,,TIPO_DATO15__MAGEMBR_FROM2017_N1,'Età media delle spose, ponderata con i quozienti specifici di nuzialità.Per gli anni 2010-2016 si può cliccare sul Tipo dato e selezionare l"'indicatore corrispondente',,,,,,
A,Annuale,ITDA,Trentino Alto Adige / Südtirol,MAGEMBR_FROM2017,Età  media al matrimonio spose (tutte le età),2018,35.45,,,,,TIPO_DATO15__MAGEMBR_FROM2017_N1,'Età media delle spose, ponderata con i quozienti specifici di nuzialità.Per gli anni 2010-2016 si può cliccare sul Tipo dato e selezionare l"'indicatore corrispondente',,,,,,
A,Annuale,ITDA,Trentino Alto Adige / Südtirol,MAGEMBR_FROM2017,Età  media al matrimonio spose (tutte le età),2019,35.86,,,,,TIPO_DATO15__MAGEMBR_FROM2017_N1,'Età media delle spose, ponderata con i quozienti specifici di nuzialità.Per gli anni 2010-2016 si può cliccare sul Tipo dato e selezionare l"'indicatore corrispondente',,,,,,
A,Annuale,ITDA,Trentino Alto Adige / Südtirol,MAGEMBR_FROM2017,Età  media al matrimonio spose (tutte le età),2020,36.22,,,,,TIPO_DATO15__MAGEMBR_FROM2017_N1,'Età media delle spose, ponderata con i quozienti specifici di nuzialità.Per gli anni 2010-2016 si può cliccare sul Tipo dato e selezionare l"'indicatore corrispondente',,,,,,
A,Annuale,ITDA,Trentino Alto Adige / Südtirol,MAGEMBR_FROM2017,Età  media al matrimonio spose (tutte le età),2021,36.22,,,,,TIPO_DATO15__MAGEMBR_FROM2017_N1,'Età media delle spose, ponderata con i quozienti specifici di nuzialità.Per gli anni 2010-2016 si può cliccare sul Tipo dato e selezionare l"'indicatore corrispondente',,,,,,
A,Annuale,ITDA,Trentino Alto Adige / Südtirol,MAGEMBR_FROM2017,Età  media al matrimonio spose (tutte le età),2022,36.7,,,,,TIPO_DATO15__MAGEMBR_FROM2017_N1,'Età media delle spose, ponderata con i quozienti specifici di nuzialità.Per gli anni 2010-2016 si può cliccare sul Tipo dato e selezionare l"'indicatore corrispondente',,,,,,
A,Annuale,ITDA,Trentino Alto Adige / Südtirol,MAGEMBR_FROM2017,Età  media al matrimonio spose (tutte le età),2023,37.31,e,Dato stimato,,,TIPO_DATO15__MAGEMBR_FROM2017_N1,'Età media delle spose, ponderata con i quozienti specifici di nuzialità.Per gli anni 2010-2016 si può cliccare sul Tipo dato e selezionare l"'indicatore corrispondente',,,,,,
A,Annuale,ITD1,Provincia Autonoma Bolzano / Bozen,CMARRGP_FROM2017,Matrimoni civili (%),2004,58.2,,,,,,,,,,,,
A,Annuale,ITD1,Provincia Autonoma Bolzano / Bozen,CMARRGP_FROM2017,Matrimoni civili (%),2005,58.2,,,,,,,,,,,,
A,Annuale,ITD1,Provincia Autonoma Bolzano / Bozen,CMARRGP_FROM2017,Matrimoni civili (%),2006,59.5,,,,,,,,,,,,
A,Annuale,ITD1,Provincia Autonoma Bolzano / Bozen,CMARRGP_FROM2017,Matrimoni civili (%),2007,59.6,,,,,,,,,,,,
A,Annuale,ITD1,Provincia Autonoma Bolzano / Bozen,CMARRGP_FROM2017,Matrimoni civili (%),2008,60.3,,,,,,,,,,,,
A,Annuale,ITD1,Provincia Autonoma Bolzano / Bozen,CMARRGP_FROM2017,Matrimoni civili (%),2009,60.7,,,,,,,,,,,,
A,Annuale,ITD1,Provincia Autonoma Bolzano / Bozen,CMARRGP_FROM2017,Matrimoni civili (%),2010,62.7,,,,,,,,,,,,
A,Annuale,ITD1,Provincia Autonoma Bolzano / Bozen,CMARRGP_FROM2017,Matrimoni civili (%),2011,62.6,,,,,,,,,,,,
A,Annuale,ITD1,Provincia Autonoma Bolzano / Bozen,CMARRGP_FROM2017,Matrimoni civili (%),2012,63.2,,,,,,,,,,,,
A,Annuale,ITD1,Provincia Autonoma Bolzano / Bozen,CMARRGP_FROM2017,Matrimoni civili (%),2013,63.7,,,,,,,,,,,,
A,Annuale,ITD1,Provincia Autonoma Bolzano / Bozen,CMARRGP_FROM2017,Matrimoni civili (%),2014,63.4,,,,,,,,,,,,
A,Annuale,ITD1,Provincia Autonoma Bolzano / Bozen,CMARRGP_FROM2017,Matrimoni civili (%),2015,67.5,,,,,,,,,,,,
A,Annuale,ITD1,Provincia Autonoma Bolzano / Bozen,CMARRGP_FROM2017,Matrimoni civili (%),2016,68.9,,,,,,,,,,,,
A,Annuale,ITD1,Provincia Autonoma Bolzano / Bozen,CMARRGP_FROM2017,Matrimoni civili (%),2017,67.6,,,,,,,,,,,,
A,Annuale,ITD1,Provincia Autonoma Bolzano / Bozen,CMARRGP_FROM2017,Matrimoni civili (%),2018,68.2,,,,,,,,,,,,
A,Annuale,ITD1,Provincia Autonoma Bolzano / Bozen,CMARRGP_FROM2017,Matrimoni civili (%),2019,73.2,,,,,,,,,,,,
A,Annuale,ITD1,Provincia Autonoma Bolzano / Bozen,CMARRGP_FROM2017,Matrimoni civili (%),2020,81.4,,,,,,,,,,,,
A,Annuale,ITD1,Provincia Autonoma Bolzano / Bozen,CMARRGP_FROM2017,Matrimoni civili (%),2021,76.1,,,,,,,,,,,,
A,Annuale,ITD1,Provincia Autonoma Bolzano / Bozen,CMARRGP_FROM2017,Matrimoni civili (%),2022,74.6,,,,,,,,,,,,
A,Annuale,ITD1,Provincia Autonoma Bolzano / Bozen,CMARRGP_FROM2017,Matrimoni civili (%),2023,74.1,,,,,,,,,,,,
A,Annuale,ITD1,Provincia Autonoma Bolzano / Bozen,NUPT_TOTM_FROM2017,Tasso di nuzialità  totale sposi-valori per mille,2004,458,,,,,,,,,,,,
A,Annuale,ITD1,Provincia Autonoma Bolzano / Bozen,NUPT_TOTM_FROM2017,Tasso di nuzialità  totale sposi-valori per mille,2005,459.1,,,,,,,,,,,,
A,Annuale,ITD1,Provincia Autonoma Bolzano / Bozen,NUPT_TOTM_FROM2017,Tasso di nuzialità  totale sposi-valori per mille,2006,469.3,,,,,,,,,,,,
A,Annuale,ITD1,Provincia Autonoma Bolzano / Bozen,NUPT_TOTM_FROM2017,Tasso di nuzialità  totale sposi-valori per mille,2007,441.2,,,,,,,,,,,,
A,Annuale,ITD1,Provincia Autonoma Bolzano / Bozen,NUPT_TOTM_FROM2017,Tasso di nuzialità  totale sposi-valori per mille,2008,438.9,,,,,,,,,,,,
A,Annuale,ITD1,Provincia Autonoma Bolzano / Bozen,NUPT_TOTM_FROM2017,Tasso di nuzialità  totale sposi-valori per mille,2009,477.3,,,,,,,,,,,,
A,Annuale,ITD1,Provincia Autonoma Bolzano / Bozen,NUPT_TOTM_FROM2017,Tasso di nuzialità  totale sposi-valori per mille,2010,461.3,,,,,,,,,,,,
A,Annuale,ITD1,Provincia Autonoma Bolzano / Bozen,NUPT_TOTM_FROM2017,Tasso di nuzialità  totale sposi-valori per mille,2011,496.1,,,,,,,,,,,,
A,Annuale,ITD1,Provincia Autonoma Bolzano / Bozen,NUPT_TOTM_FROM2017,Tasso di nuzialità  totale sposi-valori per mille,2012,511.2,,,,,,,,,,,,
A,Annuale,ITD1,Provincia Autonoma Bolzano / Bozen,NUPT_TOTM_FROM2017,Tasso di nuzialità  totale sposi-valori per mille,2013,452.5,,,,,,,,,,,,
A,Annuale,ITD1,Provincia Autonoma Bolzano / Bozen,NUPT_TOTM_FROM2017,Tasso di nuzialità  totale sposi-valori per mille,2014,505.7,,,,,,,,,,,,
A,Annuale,ITD1,Provincia Autonoma Bolzano / Bozen,NUPT_TOTM_FROM2017,Tasso di nuzialità  totale sposi-valori per mille,2015,515.1,,,,,,,,,,,,
A,Annuale,ITD1,Provincia Autonoma Bolzano / Bozen,NUPT_TOTM_FROM2017,Tasso di nuzialità  totale sposi-valori per mille,2016,532.8,,,,,,,,,,,,
A,Annuale,ITD1,Provincia Autonoma Bolzano / Bozen,NUPT_TOTM_FROM2017,Tasso di nuzialità  totale sposi-valori per mille,2017,517.1,,,,,,,,,,,,
A,Annuale,ITD1,Provincia Autonoma Bolzano / Bozen,NUPT_TOTM_FROM2017,Tasso di nuzialità  totale sposi-valori per mille,2018,576.5,,,,,,,,,,,,
A,Annuale,ITD1,Provincia Autonoma Bolzano / Bozen,NUPT_TOTM_FROM2017,Tasso di nuzialità  totale sposi-valori per mille,2019,526.2,,,,,,,,,,,,
A,Annuale,ITD1,Provincia Autonoma Bolzano / Bozen,NUPT_TOTM_FROM2017,Tasso di nuzialità  totale sposi-valori per mille,2020,396.6,,,,,,,,,,,,
A,Annuale,ITD1,Provincia Autonoma Bolzano / Bozen,NUPT_TOTM_FROM2017,Tasso di nuzialità  totale sposi-valori per mille,2021,493.2,,,,,,,,,,,,
A,Annuale,ITD1,Provincia Autonoma Bolzano / Bozen,NUPT_TOTM_FROM2017,Tasso di nuzialità  totale sposi-valori per mille,2022,1074.7,,,,,,,,,,,,
A,Annuale,ITD1,Provincia Autonoma Bolzano / Bozen,NUPT_TOTM_FROM2017,Tasso di nuzialità  totale sposi-valori per mille,2023,513.6,e,Dato stimato,,,,,,,,,,
A,Annuale,ITD1,Provincia Autonoma Bolzano / Bozen,NUPT_TOTW_FROM2017,Tasso di nuzialità totale spose-valori per mille,2004,532.6,,,,,,,,,,,,
A,Annuale,ITD1,Provincia Autonoma Bolzano / Bozen,NUPT_TOTW_FROM2017,Tasso di nuzialità totale spose-valori per mille,2005,528.7,,,,,,,,,,,,
A,Annuale,ITD1,Provincia Autonoma Bolzano / Bozen,NUPT_TOTW_FROM2017,Tasso di nuzialità totale spose-valori per mille,2006,540.4,,,,,,,,,,,,
A,Annuale,ITD1,Provincia Autonoma Bolzano / Bozen,NUPT_TOTW_FROM2017,Tasso di nuzialità totale spose-valori per mille,2007,507,,,,,,,,,,,,
A,Annuale,ITD1,Provincia Autonoma Bolzano / Bozen,NUPT_TOTW_FROM2017,Tasso di nuzialità totale spose-valori per mille,2008,501.1,,,,,,,,,,,,
A,Annuale,ITD1,Provincia Autonoma Bolzano / Bozen,NUPT_TOTW_FROM2017,Tasso di nuzialità totale spose-valori per mille,2009,541.5,,,,,,,,,,,,
A,Annuale,ITD1,Provincia Autonoma Bolzano / Bozen,NUPT_TOTW_FROM2017,Tasso di nuzialità totale spose-valori per mille,2010,528.1,,,,,,,,,,,,
A,Annuale,ITD1,Provincia Autonoma Bolzano / Bozen,NUPT_TOTW_FROM2017,Tasso di nuzialità totale spose-valori per mille,2011,567.5,,,,,,,,,,,,
A,Annuale,ITD1,Provincia Autonoma Bolzano / Bozen,NUPT_TOTW_FROM2017,Tasso di nuzialità totale spose-valori per mille,2012,585,,,,,,,,,,,,
A,Annuale,ITD1,Provincia Autonoma Bolzano / Bozen,NUPT_TOTW_FROM2017,Tasso di nuzialità totale spose-valori per mille,2013,515.6,,,,,,,,,,,,
A,Annuale,ITD1,Provincia Autonoma Bolzano / Bozen,NUPT_TOTW_FROM2017,Tasso di nuzialità totale spose-valori per mille,2014,570,,,,,,,,,,,,
A,Annuale,ITD1,Provincia Autonoma Bolzano / Bozen,NUPT_TOTW_FROM2017,Tasso di nuzialità totale spose-valori per mille,2015,584.4,,,,,,,,,,,,
A,Annuale,ITD1,Provincia Autonoma Bolzano / Bozen,NUPT_TOTW_FROM2017,Tasso di nuzialità totale spose-valori per mille,2016,600.3,,,,,,,,,,,,
A,Annuale,ITD1,Provincia Autonoma Bolzano / Bozen,NUPT_TOTW_FROM2017,Tasso di nuzialità totale spose-valori per mille,2017,593.3,,,,,,,,,,,,
A,Annuale,ITD1,Provincia Autonoma Bolzano / Bozen,NUPT_TOTW_FROM2017,Tasso di nuzialità totale spose-valori per mille,2018,650.9,,,,,,,,,,,,
A,Annuale,ITD1,Provincia Autonoma Bolzano / Bozen,NUPT_TOTW_FROM2017,Tasso di nuzialità totale spose-valori per mille,2019,612.2,,,,,,,,,,,,
A,Annuale,ITD1,Provincia Autonoma Bolzano / Bozen,NUPT_TOTW_FROM2017,Tasso di nuzialità totale spose-valori per mille,2020,461.3,,,,,,,,,,,,
A,Annuale,ITD1,Provincia Autonoma Bolzano / Bozen,NUPT_TOTW_FROM2017,Tasso di nuzialità totale spose-valori per mille,2021,571.2,,,,,,,,,,,,
A,Annuale,ITD1,Provincia Autonoma Bolzano / Bozen,NUPT_TOTW_FROM2017,Tasso di nuzialità totale spose-valori per mille,2022,1251.8,,,,,,,,,,,,
A,Annuale,ITD1,Provincia Autonoma Bolzano / Bozen,NUPT_TOTW_FROM2017,Tasso di nuzialità totale spose-valori per mille,2023,588.9,e,Dato stimato,,,,,,,,,,
A,Annuale,ITD1,Provincia Autonoma Bolzano / Bozen,MAGEMBRGR_FROM2017,Età  media al matrimonio sposi (tutte le età),2004,36.17,,,,,TIPO_DATO15__MAGEMBRGR_FROM2017_N1,'Età media delle spose, ponderata con i quozienti specifici di nuzialità.Per gli anni 2010-2016 si può cliccare sul Tipo dato e selezionare l"'indicatore corrispondente',,,,,,
A,Annuale,ITD1,Provincia Autonoma Bolzano / Bozen,MAGEMBRGR_FROM2017,Età  media al matrimonio sposi (tutte le età),2005,38.68,,,,,TIPO_DATO15__MAGEMBRGR_FROM2017_N1,'Età media delle spose, ponderata con i quozienti specifici di nuzialità.Per gli anni 2010-2016 si può cliccare sul Tipo dato e selezionare l"'indicatore corrispondente',,,,,,
A,Annuale,ITD1,Provincia Autonoma Bolzano / Bozen,MAGEMBRGR_FROM2017,Età  media al matrimonio sposi (tutte le età),2006,38.32,,,,,TIPO_DATO15__MAGEMBRGR_FROM2017_N1,'Età media delle spose, ponderata con i quozienti specifici di nuzialità.Per gli anni 2010-2016 si può cliccare sul Tipo dato e selezionare l"'indicatore corrispondente',,,,,,
A,Annuale,ITD1,Provincia Autonoma Bolzano / Bozen,MAGEMBRGR_FROM2017,Età  media al matrimonio sposi (tutte le età),2007,37.79,,,,,TIPO_DATO15__MAGEMBRGR_FROM2017_N1,'Età media delle spose, ponderata con i quozienti specifici di nuzialità.Per gli anni 2010-2016 si può cliccare sul Tipo dato e selezionare l"'indicatore corrispondente',,,,,,
A,Annuale,ITD1,Provincia Autonoma Bolzano / Bozen,MAGEMBRGR_FROM2017,Età  media al matrimonio sposi (tutte le età),2008,37.81,,,,,TIPO_DATO15__MAGEMBRGR_FROM2017_N1,'Età media delle spose, ponderata con i quozienti specifici di nuzialità.Per gli anni 2010-2016 si può cliccare sul Tipo dato e selezionare l"'indicatore corrispondente',,,,,,
A,Annuale,ITD1,Provincia Autonoma Bolzano / Bozen,MAGEMBRGR_FROM2017,Età  media al matrimonio sposi (tutte le età),2009,38.01,,,,,TIPO_DATO15__MAGEMBRGR_FROM2017_N1,'Età media delle spose, ponderata con i quozienti specifici di nuzialità.Per gli anni 2010-2016 si può cliccare sul Tipo dato e selezionare l"'indicatore corrispondente',,,,,,
A,Annuale,ITD1,Provincia Autonoma Bolzano / Bozen,MAGEMBRGR_FROM2017,Età  media al matrimonio sposi (tutte le età),2010,39.41,,,,,TIPO_DATO15__MAGEMBRGR_FROM2017_N1,'Età media delle spose, ponderata con i quozienti specifici di nuzialità.Per gli anni 2010-2016 si può cliccare sul Tipo dato e selezionare l"'indicatore corrispondente',,,,,,
A,Annuale,ITD1,Provincia Autonoma Bolzano / Bozen,MAGEMBRGR_FROM2017,Età  media al matrimonio sposi (tutte le età),2011,39.14,,,,,TIPO_DATO15__MAGEMBRGR_FROM2017_N1,'Età media delle spose, ponderata con i quozienti specifici di nuzialità.Per gli anni 2010-2016 si può cliccare sul Tipo dato e selezionare l"'indicatore corrispondente',,,,,,
A,Annuale,ITD1,Provincia Autonoma Bolzano / Bozen,MAGEMBRGR_FROM2017,Età  media al matrimonio sposi (tutte le età),2012,39.55,,,,,TIPO_DATO15__MAGEMBRGR_FROM2017_N1,'Età media delle spose, ponderata con i quozienti specifici di nuzialità.Per gli anni 2010-2016 si può cliccare sul Tipo dato e selezionare l"'indicatore corrispondente',,,,,,
A,Annuale,ITD1,Provincia Autonoma Bolzano / Bozen,MAGEMBRGR_FROM2017,Età  media al matrimonio sposi (tutte le età),2013,39.06,,,,,TIPO_DATO15__MAGEMBRGR_FROM2017_N1,'Età media delle spose, ponderata con i quozienti specifici di nuzialità.Per gli anni 2010-2016 si può cliccare sul Tipo dato e selezionare l"'indicatore corrispondente',,,,,,
A,Annuale,ITD1,Provincia Autonoma Bolzano / Bozen,MAGEMBRGR_FROM2017,Età  media al matrimonio sposi (tutte le età),2014,38.8,,,,,TIPO_DATO15__MAGEMBRGR_FROM2017_N1,'Età media delle spose, ponderata con i quozienti specifici di nuzialità.Per gli anni 2010-2016 si può cliccare sul Tipo dato e selezionare l"'indicatore corrispondente',,,,,,
A,Annuale,ITD1,Provincia Autonoma Bolzano / Bozen,MAGEMBRGR_FROM2017,Età  media al matrimonio sposi (tutte le età),2015,39.13,,,,,TIPO_DATO15__MAGEMBRGR_FROM2017_N1,'Età media delle spose, ponderata con i quozienti specifici di nuzialità.Per gli anni 2010-2016 si può cliccare sul Tipo dato e selezionare l"'indicatore corrispondente',,,,,,
A,Annuale,ITD1,Provincia Autonoma Bolzano / Bozen,MAGEMBRGR_FROM2017,Età  media al matrimonio sposi (tutte le età),2016,39.11,,,,,TIPO_DATO15__MAGEMBRGR_FROM2017_N1,'Età media delle spose, ponderata con i quozienti specifici di nuzialità.Per gli anni 2010-2016 si può cliccare sul Tipo dato e selezionare l"'indicatore corrispondente',,,,,,
A,Annuale,ITD1,Provincia Autonoma Bolzano / Bozen,MAGEMBRGR_FROM2017,Età  media al matrimonio sposi (tutte le età),2017,40.34,,,,,TIPO_DATO15__MAGEMBRGR_FROM2017_N1,'Età media delle spose, ponderata con i quozienti specifici di nuzialità.Per gli anni 2010-2016 si può cliccare sul Tipo dato e selezionare l"'indicatore corrispondente',,,,,,
A,Annuale,ITD1,Provincia Autonoma Bolzano / Bozen,MAGEMBRGR_FROM2017,Età  media al matrimonio sposi (tutte le età),2018,39.49,,,,,TIPO_DATO15__MAGEMBRGR_FROM2017_N1,'Età media delle spose, ponderata con i quozienti specifici di nuzialità.Per gli anni 2010-2016 si può cliccare sul Tipo dato e selezionare l"'indicatore corrispondente',,,,,,
A,Annuale,ITD1,Provincia Autonoma Bolzano / Bozen,MAGEMBRGR_FROM2017,Età  media al matrimonio sposi (tutte le età),2019,40.74,,,,,TIPO_DATO15__MAGEMBRGR_FROM2017_N1,'Età media delle spose, ponderata con i quozienti specifici di nuzialità.Per gli anni 2010-2016 si può cliccare sul Tipo dato e selezionare l"'indicatore corrispondente',,,,,,
A,Annuale,ITD1,Provincia Autonoma Bolzano / Bozen,MAGEMBRGR_FROM2017,Età  media al matrimonio sposi (tutte le età),2020,40.56,,,,,TIPO_DATO15__MAGEMBRGR_FROM2017_N1,'Età media delle spose, ponderata con i quozienti specifici di nuzialità.Per gli anni 2010-2016 si può cliccare sul Tipo dato e selezionare l"'indicatore corrispondente',,,,,,
A,Annuale,ITD1,Provincia Autonoma Bolzano / Bozen,MAGEMBRGR_FROM2017,Età  media al matrimonio sposi (tutte le età),2021,40.53,,,,,TIPO_DATO15__MAGEMBRGR_FROM2017_N1,'Età media delle spose, ponderata con i quozienti specifici di nuzialità.Per gli anni 2010-2016 si può cliccare sul Tipo dato e selezionare l"'indicatore corrispondente',,,,,,
A,Annuale,ITD1,Provincia Autonoma Bolzano / Bozen,MAGEMBRGR_FROM2017,Età  media al matrimonio sposi (tutte le età),2022,41.08,,,,,TIPO_DATO15__MAGEMBRGR_FROM2017_N1,'Età media delle spose, ponderata con i quozienti specifici di nuzialità.Per gli anni 2010-2016 si può cliccare sul Tipo dato e selezionare l"'indicatore corrispondente',,,,,,
A,Annuale,ITD1,Provincia Autonoma Bolzano / Bozen,MAGEMBRGR_FROM2017,Età  media al matrimonio sposi (tutte le età),2023,42.22,e,Dato stimato,,,TIPO_DATO15__MAGEMBRGR_FROM2017_N1,'Età media delle spose, ponderata con i quozienti specifici di nuzialità.Per gli anni 2010-2016 si può cliccare sul Tipo dato e selezionare l"'indicatore corrispondente',,,,,,
A,Annuale,ITD1,Provincia Autonoma Bolzano / Bozen,MAGEMBR_FROM2017,Età  media al matrimonio spose (tutte le età),2004,31.66,,,,,TIPO_DATO15__MAGEMBR_FROM2017_N1,'Età media delle spose, ponderata con i quozienti specifici di nuzialità.Per gli anni 2010-2016 si può cliccare sul Tipo dato e selezionare l"'indicatore corrispondente',,,,,,
A,Annuale,ITD1,Provincia Autonoma Bolzano / Bozen,MAGEMBR_FROM2017,Età  media al matrimonio spose (tutte le età),2005,32.08,,,,,TIPO_DATO15__MAGEMBR_FROM2017_N1,'Età media delle spose, ponderata con i quozienti specifici di nuzialità.Per gli anni 2010-2016 si può cliccare sul Tipo dato e selezionare l"'indicatore corrispondente',,,,,,
A,Annuale,ITD1,Provincia Autonoma Bolzano / Bozen,MAGEMBR_FROM2017,Età  media al matrimonio spose (tutte le età),2006,32.91,,,,,TIPO_DATO15__MAGEMBR_FROM2017_N1,'Età media delle spose, ponderata con i quozienti specifici di nuzialità.Per gli anni 2010-2016 si può cliccare sul Tipo dato e selezionare l"'indicatore corrispondente',,,,,,
A,Annuale,ITD1,Provincia Autonoma Bolzano / Bozen,MAGEMBR_FROM2017,Età  media al matrimonio spose (tutte le età),2007,33.15,,,,,TIPO_DATO15__MAGEMBR_FROM2017_N1,'Età media delle spose, ponderata con i quozienti specifici di nuzialità.Per gli anni 2010-2016 si può cliccare sul Tipo dato e selezionare l"'indicatore corrispondente',,,,,,
A,Annuale,ITD1,Provincia Autonoma Bolzano / Bozen,MAGEMBR_FROM2017,Età  media al matrimonio spose (tutte le età),2008,33.62,,,,,TIPO_DATO15__MAGEMBR_FROM2017_N1,'Età media delle spose, ponderata con i quozienti specifici di nuzialità.Per gli anni 2010-2016 si può cliccare sul Tipo dato e selezionare l"'indicatore corrispondente',,,,,,
A,Annuale,ITD1,Provincia Autonoma Bolzano / Bozen,MAGEMBR_FROM2017,Età  media al matrimonio spose (tutte le età),2009,33.62,,,,,TIPO_DATO15__MAGEMBR_FROM2017_N1,'Età media delle spose, ponderata con i quozienti specifici di nuzialità.Per gli anni 2010-2016 si può cliccare sul Tipo dato e selezionare l"'indicatore corrispondente',,,,,,
A,Annuale,ITD1,Provincia Autonoma Bolzano / Bozen,MAGEMBR_FROM2017,Età  media al matrimonio spose (tutte le età),2010,34.54,,,,,TIPO_DATO15__MAGEMBR_FROM2017_N1,'Età media delle spose, ponderata con i quozienti specifici di nuzialità.Per gli anni 2010-2016 si può cliccare sul Tipo dato e selezionare l"'indicatore corrispondente',,,,,,
A,Annuale,ITD1,Provincia Autonoma Bolzano / Bozen,MAGEMBR_FROM2017,Età  media al matrimonio spose (tutte le età),2011,34.49,,,,,TIPO_DATO15__MAGEMBR_FROM2017_N1,'Età media delle spose, ponderata con i quozienti specifici di nuzialità.Per gli anni 2010-2016 si può cliccare sul Tipo dato e selezionare l"'indicatore corrispondente',,,,,,
A,Annuale,ITD1,Provincia Autonoma Bolzano / Bozen,MAGEMBR_FROM2017,Età  media al matrimonio spose (tutte le età),2012,34.48,,,,,TIPO_DATO15__MAGEMBR_FROM2017_N1,'Età media delle spose, ponderata con i quozienti specifici di nuzialità.Per gli anni 2010-2016 si può cliccare sul Tipo dato e selezionare l"'indicatore corrispondente',,,,,,
A,Annuale,ITD1,Provincia Autonoma Bolzano / Bozen,MAGEMBR_FROM2017,Età  media al matrimonio spose (tutte le età),2013,34.58,,,,,TIPO_DATO15__MAGEMBR_FROM2017_N1,'Età media delle spose, ponderata con i quozienti specifici di nuzialità.Per gli anni 2010-2016 si può cliccare sul Tipo dato e selezionare l"'indicatore corrispondente',,,,,,
A,Annuale,ITD1,Provincia Autonoma Bolzano / Bozen,MAGEMBR_FROM2017,Età  media al matrimonio spose (tutte le età),2014,34.79,,,,,TIPO_DATO15__MAGEMBR_FROM2017_N1,'Età media delle spose, ponderata con i quozienti specifici di nuzialità.Per gli anni 2010-2016 si può cliccare sul Tipo dato e selezionare l"'indicatore corrispondente',,,,,,
A,Annuale,ITD1,Provincia Autonoma Bolzano / Bozen,MAGEMBR_FROM2017,Età  media al matrimonio spose (tutte le età),2015,35.27,,,,,TIPO_DATO15__MAGEMBR_FROM2017_N1,'Età media delle spose, ponderata con i quozienti specifici di nuzialità.Per gli anni 2010-2016 si può cliccare sul Tipo dato e selezionare l"'indicatore corrispondente',,,,,,
A,Annuale,ITD1,Provincia Autonoma Bolzano / Bozen,MAGEMBR_FROM2017,Età  media al matrimonio spose (tutte le età),2016,35.01,,,,,TIPO_DATO15__MAGEMBR_FROM2017_N1,'Età media delle spose, ponderata con i quozienti specifici di nuzialità.Per gli anni 2010-2016 si può cliccare sul Tipo dato e selezionare l"'indicatore corrispondente',,,,,,
A,Annuale,ITD1,Provincia Autonoma Bolzano / Bozen,MAGEMBR_FROM2017,Età  media al matrimonio spose (tutte le età),2017,36.08,,,,,TIPO_DATO15__MAGEMBR_FROM2017_N1,'Età media delle spose, ponderata con i quozienti specifici di nuzialità.Per gli anni 2010-2016 si può cliccare sul Tipo dato e selezionare l"'indicatore corrispondente',,,,,,
A,Annuale,ITD1,Provincia Autonoma Bolzano / Bozen,MAGEMBR_FROM2017,Età  media al matrimonio spose (tutte le età),2018,35.71,,,,,TIPO_DATO15__MAGEMBR_FROM2017_N1,'Età media delle spose, ponderata con i quozienti specifici di nuzialità.Per gli anni 2010-2016 si può cliccare sul Tipo dato e selezionare l"'indicatore corrispondente',,,,,,
A,Annuale,ITD1,Provincia Autonoma Bolzano / Bozen,MAGEMBR_FROM2017,Età  media al matrimonio spose (tutte le età),2019,36.25,,,,,TIPO_DATO15__MAGEMBR_FROM2017_N1,'Età media delle spose, ponderata con i quozienti specifici di nuzialità.Per gli anni 2010-2016 si può cliccare sul Tipo dato e selezionare l"'indicatore corrispondente',,,,,,
A,Annuale,ITD1,Provincia Autonoma Bolzano / Bozen,MAGEMBR_FROM2017,Età  media al matrimonio spose (tutte le età),2020,36.15,,,,,TIPO_DATO15__MAGEMBR_FROM2017_N1,'Età media delle spose, ponderata con i quozienti specifici di nuzialità.Per gli anni 2010-2016 si può cliccare sul Tipo dato e selezionare l"'indicatore corrispondente',,,,,,
A,Annuale,ITD1,Provincia Autonoma Bolzano / Bozen,MAGEMBR_FROM2017,Età  media al matrimonio spose (tutte le età),2021,36.18,,,,,TIPO_DATO15__MAGEMBR_FROM2017_N1,'Età media delle spose, ponderata con i quozienti specifici di nuzialità.Per gli anni 2010-2016 si può cliccare sul Tipo dato e selezionare l"'indicatore corrispondente',,,,,,
A,Annuale,ITD1,Provincia Autonoma Bolzano / Bozen,MAGEMBR_FROM2017,Età  media al matrimonio spose (tutte le età),2022,36.89,,,,,TIPO_DATO15__MAGEMBR_FROM2017_N1,'Età media delle spose, ponderata con i quozienti specifici di nuzialità.Per gli anni 2010-2016 si può cliccare sul Tipo dato e selezionare l"'indicatore corrispondente',,,,,,
A,Annuale,ITD1,Provincia Autonoma Bolzano / Bozen,MAGEMBR_FROM2017,Età  media al matrimonio spose (tutte le età),2023,37.34,e,Dato stimato,,,TIPO_DATO15__MAGEMBR_FROM2017_N1,'Età media delle spose, ponderata con i quozienti specifici di nuzialità.Per gli anni 2010-2016 si può cliccare sul Tipo dato e selezionare l"'indicatore corrispondente',,,,,,
A,Annuale,ITD2,Provincia Autonoma Trento,CMARRGP_FROM2017,Matrimoni civili (%),2004,40,,,,,,,,,,,,
A,Annuale,ITD2,Provincia Autonoma Trento,CMARRGP_FROM2017,Matrimoni civili (%),2005,42.6,,,,,,,,,,,,
A,Annuale,ITD2,Provincia Autonoma Trento,CMARRGP_FROM2017,Matrimoni civili (%),2006,43.7,,,,,,,,,,,,
A,Annuale,ITD2,Provincia Autonoma Trento,CMARRGP_FROM2017,Matrimoni civili (%),2007,47.1,,,,,,,,,,,,
A,Annuale,ITD2,Provincia Autonoma Trento,CMARRGP_FROM2017,Matrimoni civili (%),2008,47.8,,,,,,,,,,,,
A,Annuale,ITD2,Provincia Autonoma Trento,CMARRGP_FROM2017,Matrimoni civili (%),2009,49.2,,,,,,,,,,,,
A,Annuale,ITD2,Provincia Autonoma Trento,CMARRGP_FROM2017,Matrimoni civili (%),2010,51.5,,,,,,,,,,,,
A,Annuale,ITD2,Provincia Autonoma Trento,CMARRGP_FROM2017,Matrimoni civili (%),2011,53,,,,,,,,,,,,
A,Annuale,ITD2,Provincia Autonoma Trento,CMARRGP_FROM2017,Matrimoni civili (%),2012,53.1,,,,,,,,,,,,
A,Annuale,ITD2,Provincia Autonoma Trento,CMARRGP_FROM2017,Matrimoni civili (%),2013,53.2,,,,,,,,,,,,
A,Annuale,ITD2,Provincia Autonoma Trento,CMARRGP_FROM2017,Matrimoni civili (%),2014,54,,,,,,,,,,,,
A,Annuale,ITD2,Provincia Autonoma Trento,CMARRGP_FROM2017,Matrimoni civili (%),2015,56.7,,,,,,,,,,,,
A,Annuale,ITD2,Provincia Autonoma Trento,CMARRGP_FROM2017,Matrimoni civili (%),2016,59.6,,,,,,,,,,,,
A,Annuale,ITD2,Provincia Autonoma Trento,CMARRGP_FROM2017,Matrimoni civili (%),2017,64.6,,,,,,,,,,,,
A,Annuale,ITD2,Provincia Autonoma Trento,CMARRGP_FROM2017,Matrimoni civili (%),2018,63.1,,,,,,,,,,,,
A,Annuale,ITD2,Provincia Autonoma Trento,CMARRGP_FROM2017,Matrimoni civili (%),2019,64.8,,,,,,,,,,,,
A,Annuale,ITD2,Provincia Autonoma Trento,CMARRGP_FROM2017,Matrimoni civili (%),2020,78.6,,,,,,,,,,,,
A,Annuale,ITD2,Provincia Autonoma Trento,CMARRGP_FROM2017,Matrimoni civili (%),2021,67.8,,,,,,,,,,,,
A,Annuale,ITD2,Provincia Autonoma Trento,CMARRGP_FROM2017,Matrimoni civili (%),2022,69.8,,,,,,,,,,,,
A,Annuale,ITD2,Provincia Autonoma Trento,CMARRGP_FROM2017,Matrimoni civili (%),2023,72.5,,,,,,,,,,,,
A,Annuale,ITD2,Provincia Autonoma Trento,NUPT_TOTM_FROM2017,Tasso di nuzialità  totale sposi-valori per mille,2004,476.8,,,,,,,,,,,,
A,Annuale,ITD2,Provincia Autonoma Trento,NUPT_TOTM_FROM2017,Tasso di nuzialità  totale sposi-valori per mille,2005,460.1,,,,,,,,,,,,
A,Annuale,ITD2,Provincia Autonoma Trento,NUPT_TOTM_FROM2017,Tasso di nuzialità  totale sposi-valori per mille,2006,472.3,,,,,,,,,,,,
A,Annuale,ITD2,Provincia Autonoma Trento,NUPT_TOTM_FROM2017,Tasso di nuzialità  totale sposi-valori per mille,2007,492.5,,,,,,,,,,,,
A,Annuale,ITD2,Provincia Autonoma Trento,NUPT_TOTM_FROM2017,Tasso di nuzialità  totale sposi-valori per mille,2008,467.1,,,,,,,,,,,,
A,Annuale,ITD2,Provincia Autonoma Trento,NUPT_TOTM_FROM2017,Tasso di nuzialità  totale sposi-valori per mille,2009,432.1,,,,,,,,,,,,
A,Annuale,ITD2,Provincia Autonoma Trento,NUPT_TOTM_FROM2017,Tasso di nuzialità  totale sposi-valori per mille,2010,426.6,,,,,,,,,,,,
A,Annuale,ITD2,Provincia Autonoma Trento,NUPT_TOTM_FROM2017,Tasso di nuzialità  totale sposi-valori per mille,2011,453,,,,,,,,,,,,
A,Annuale,ITD2,Provincia Autonoma Trento,NUPT_TOTM_FROM2017,Tasso di nuzialità  totale sposi-valori per mille,2012,440.8,,,,,,,,,,,,
A,Annuale,ITD2,Provincia Autonoma Trento,NUPT_TOTM_FROM2017,Tasso di nuzialità  totale sposi-valori per mille,2013,415.3,,,,,,,,,,,,
A,Annuale,ITD2,Provincia Autonoma Trento,NUPT_TOTM_FROM2017,Tasso di nuzialità  totale sposi-valori per mille,2014,390.7,,,,,,,,,,,,
A,Annuale,ITD2,Provincia Autonoma Trento,NUPT_TOTM_FROM2017,Tasso di nuzialità  totale sposi-valori per mille,2015,407.4,,,,,,,,,,,,
A,Annuale,ITD2,Provincia Autonoma Trento,NUPT_TOTM_FROM2017,Tasso di nuzialità  totale sposi-valori per mille,2016,409.3,,,,,,,,,,,,
A,Annuale,ITD2,Provincia Autonoma Trento,NUPT_TOTM_FROM2017,Tasso di nuzialità  totale sposi-valori per mille,2017,361.9,,,,,,,,,,,,
A,Annuale,ITD2,Provincia Autonoma Trento,NUPT_TOTM_FROM2017,Tasso di nuzialità  totale sposi-valori per mille,2018,374.5,,,,,,,,,,,,
A,Annuale,ITD2,Provincia Autonoma Trento,NUPT_TOTM_FROM2017,Tasso di nuzialità  totale sposi-valori per mille,2019,344.9,,,,,,,,,,,,
A,Annuale,ITD2,Provincia Autonoma Trento,NUPT_TOTM_FROM2017,Tasso di nuzialità  totale sposi-valori per mille,2020,209.1,,,,,,,,,,,,
A,Annuale,ITD2,Provincia Autonoma Trento,NUPT_TOTM_FROM2017,Tasso di nuzialità  totale sposi-valori per mille,2021,313.9,,,,,,,,,,,,
A,Annuale,ITD2,Provincia Autonoma Trento,NUPT_TOTM_FROM2017,Tasso di nuzialità  totale sposi-valori per mille,2022,735.3,,,,,,,,,,,,
A,Annuale,ITD2,Provincia Autonoma Trento,NUPT_TOTM_FROM2017,Tasso di nuzialità  totale sposi-valori per mille,2023,363.6,e,Dato stimato,,,,,,,,,,
A,Annuale,ITD2,Provincia Autonoma Trento,NUPT_TOTW_FROM2017,Tasso di nuzialità totale spose-valori per mille,2004,547.1,,,,,,,,,,,,
A,Annuale,ITD2,Provincia Autonoma Trento,NUPT_TOTW_FROM2017,Tasso di nuzialità totale spose-valori per mille,2005,545.4,,,,,,,,,,,,
A,Annuale,ITD2,Provincia Autonoma Trento,NUPT_TOTW_FROM2017,Tasso di nuzialità totale spose-valori per mille,2006,550.1,,,,,,,,,,,,
A,Annuale,ITD2,Provincia Autonoma Trento,NUPT_TOTW_FROM2017,Tasso di nuzialità totale spose-valori per mille,2007,571,,,,,,,,,,,,
A,Annuale,ITD2,Provincia Autonoma Trento,NUPT_TOTW_FROM2017,Tasso di nuzialità totale spose-valori per mille,2008,537.5,,,,,,,,,,,,
A,Annuale,ITD2,Provincia Autonoma Trento,NUPT_TOTW_FROM2017,Tasso di nuzialità totale spose-valori per mille,2009,491.6,,,,,,,,,,,,
A,Annuale,ITD2,Provincia Autonoma Trento,NUPT_TOTW_FROM2017,Tasso di nuzialità totale spose-valori per mille,2010,486.2,,,,,,,,,,,,
A,Annuale,ITD2,Provincia Autonoma Trento,NUPT_TOTW_FROM2017,Tasso di nuzialità totale spose-valori per mille,2011,516.1,,,,,,,,,,,,
A,Annuale,ITD2,Provincia Autonoma Trento,NUPT_TOTW_FROM2017,Tasso di nuzialità totale spose-valori per mille,2012,496.2,,,,,,,,,,,,
A,Annuale,ITD2,Provincia Autonoma Trento,NUPT_TOTW_FROM2017,Tasso di nuzialità totale spose-valori per mille,2013,466.2,,,,,,,,,,,,
A,Annuale,ITD2,Provincia Autonoma Trento,NUPT_TOTW_FROM2017,Tasso di nuzialità totale spose-valori per mille,2014,443.9,,,,,,,,,,,,
A,Annuale,ITD2,Provincia Autonoma Trento,NUPT_TOTW_FROM2017,Tasso di nuzialità totale spose-valori per mille,2015,456.7,,,,,,,,,,,,
A,Annuale,ITD2,Provincia Autonoma Trento,NUPT_TOTW_FROM2017,Tasso di nuzialità totale spose-valori per mille,2016,462.3,,,,,,,,,,,,
A,Annuale,ITD2,Provincia Autonoma Trento,NUPT_TOTW_FROM2017,Tasso di nuzialità totale spose-valori per mille,2017,421.9,,,,,,,,,,,,
A,Annuale,ITD2,Provincia Autonoma Trento,NUPT_TOTW_FROM2017,Tasso di nuzialità totale spose-valori per mille,2018,423.8,,,,,,,,,,,,
A,Annuale,ITD2,Provincia Autonoma Trento,NUPT_TOTW_FROM2017,Tasso di nuzialità totale spose-valori per mille,2019,394.1,,,,,,,,,,,,
A,Annuale,ITD2,Provincia Autonoma Trento,NUPT_TOTW_FROM2017,Tasso di nuzialità totale spose-valori per mille,2020,241.6,,,,,,,,,,,,
A,Annuale,ITD2,Provincia Autonoma Trento,NUPT_TOTW_FROM2017,Tasso di nuzialità totale spose-valori per mille,2021,358.7,,,,,,,,,,,,
A,Annuale,ITD2,Provincia Autonoma Trento,NUPT_TOTW_FROM2017,Tasso di nuzialità totale spose-valori per mille,2022,857.1,,,,,,,,,,,,
A,Annuale,ITD2,Provincia Autonoma Trento,NUPT_TOTW_FROM2017,Tasso di nuzialità totale spose-valori per mille,2023,420.9,e,Dato stimato,,,,,,,,,,
A,Annuale,ITD2,Provincia Autonoma Trento,MAGEMBRGR_FROM2017,Età  media al matrimonio sposi (tutte le età),2004,33.83,,,,,TIPO_DATO15__MAGEMBRGR_FROM2017_N1,'Età media delle spose, ponderata con i quozienti specifici di nuzialità.Per gli anni 2010-2016 si può cliccare sul Tipo dato e selezionare l"'indicatore corrispondente',,,,,,
A,Annuale,ITD2,Provincia Autonoma Trento,MAGEMBRGR_FROM2017,Età  media al matrimonio sposi (tutte le età),2005,34.91,,,,,TIPO_DATO15__MAGEMBRGR_FROM2017_N1,'Età media delle spose, ponderata con i quozienti specifici di nuzialità.Per gli anni 2010-2016 si può cliccare sul Tipo dato e selezionare l"'indicatore corrispondente',,,,,,
A,Annuale,ITD2,Provincia Autonoma Trento,MAGEMBRGR_FROM2017,Età  media al matrimonio sposi (tutte le età),2006,35.24,,,,,TIPO_DATO15__MAGEMBRGR_FROM2017_N1,'Età media delle spose, ponderata con i quozienti specifici di nuzialità.Per gli anni 2010-2016 si può cliccare sul Tipo dato e selezionare l"'indicatore corrispondente',,,,,,
A,Annuale,ITD2,Provincia Autonoma Trento,MAGEMBRGR_FROM2017,Età  media al matrimonio sposi (tutte le età),2007,35.18,,,,,TIPO_DATO15__MAGEMBRGR_FROM2017_N1,'Età media delle spose, ponderata con i quozienti specifici di nuzialità.Per gli anni 2010-2016 si può cliccare sul Tipo dato e selezionare l"'indicatore corrispondente',,,,,,
A,Annuale,ITD2,Provincia Autonoma Trento,MAGEMBRGR_FROM2017,Età  media al matrimonio sposi (tutte le età),2008,35.27,,,,,TIPO_DATO15__MAGEMBRGR_FROM2017_N1,'Età media delle spose, ponderata con i quozienti specifici di nuzialità.Per gli anni 2010-2016 si può cliccare sul Tipo dato e selezionare l"'indicatore corrispondente',,,,,,
A,Annuale,ITD2,Provincia Autonoma Trento,MAGEMBRGR_FROM2017,Età  media al matrimonio sposi (tutte le età),2009,36.13,,,,,TIPO_DATO15__MAGEMBRGR_FROM2017_N1,'Età media delle spose, ponderata con i quozienti specifici di nuzialità.Per gli anni 2010-2016 si può cliccare sul Tipo dato e selezionare l"'indicatore corrispondente',,,,,,
A,Annuale,ITD2,Provincia Autonoma Trento,MAGEMBRGR_FROM2017,Età  media al matrimonio sposi (tutte le età),2010,36.33,,,,,TIPO_DATO15__MAGEMBRGR_FROM2017_N1,'Età media delle spose, ponderata con i quozienti specifici di nuzialità.Per gli anni 2010-2016 si può cliccare sul Tipo dato e selezionare l"'indicatore corrispondente',,,,,,
A,Annuale,ITD2,Provincia Autonoma Trento,MAGEMBRGR_FROM2017,Età  media al matrimonio sposi (tutte le età),2011,36.56,,,,,TIPO_DATO15__MAGEMBRGR_FROM2017_N1,'Età media delle spose, ponderata con i quozienti specifici di nuzialità.Per gli anni 2010-2016 si può cliccare sul Tipo dato e selezionare l"'indicatore corrispondente',,,,,,
A,Annuale,ITD2,Provincia Autonoma Trento,MAGEMBRGR_FROM2017,Età  media al matrimonio sposi (tutte le età),2012,36.54,,,,,TIPO_DATO15__MAGEMBRGR_FROM2017_N1,'Età media delle spose, ponderata con i quozienti specifici di nuzialità.Per gli anni 2010-2016 si può cliccare sul Tipo dato e selezionare l"'indicatore corrispondente',,,,,,
A,Annuale,ITD2,Provincia Autonoma Trento,MAGEMBRGR_FROM2017,Età  media al matrimonio sposi (tutte le età),2013,36.76,,,,,TIPO_DATO15__MAGEMBRGR_FROM2017_N1,'Età media delle spose, ponderata con i quozienti specifici di nuzialità.Per gli anni 2010-2016 si può cliccare sul Tipo dato e selezionare l"'indicatore corrispondente',,,,,,
A,Annuale,ITD2,Provincia Autonoma Trento,MAGEMBRGR_FROM2017,Età  media al matrimonio sposi (tutte le età),2014,37.27,,,,,TIPO_DATO15__MAGEMBRGR_FROM2017_N1,'Età media delle spose, ponderata con i quozienti specifici di nuzialità.Per gli anni 2010-2016 si può cliccare sul Tipo dato e selezionare l"'indicatore corrispondente',,,,,,
A,Annuale,ITD2,Provincia Autonoma Trento,MAGEMBRGR_FROM2017,Età  media al matrimonio sposi (tutte le età),2015,37.69,,,,,TIPO_DATO15__MAGEMBRGR_FROM2017_N1,'Età media delle spose, ponderata con i quozienti specifici di nuzialità.Per gli anni 2010-2016 si può cliccare sul Tipo dato e selezionare l"'indicatore corrispondente',,,,,,
A,Annuale,ITD2,Provincia Autonoma Trento,MAGEMBRGR_FROM2017,Età  media al matrimonio sposi (tutte le età),2016,38.54,,,,,TIPO_DATO15__MAGEMBRGR_FROM2017_N1,'Età media delle spose, ponderata con i quozienti specifici di nuzialità.Per gli anni 2010-2016 si può cliccare sul Tipo dato e selezionare l"'indicatore corrispondente',,,,,,
A,Annuale,ITD2,Provincia Autonoma Trento,MAGEMBRGR_FROM2017,Età  media al matrimonio sposi (tutte le età),2017,38.8,,,,,TIPO_DATO15__MAGEMBRGR_FROM2017_N1,'Età media delle spose, ponderata con i quozienti specifici di nuzialità.Per gli anni 2010-2016 si può cliccare sul Tipo dato e selezionare l"'indicatore corrispondente',,,,,,
A,Annuale,ITD2,Provincia Autonoma Trento,MAGEMBRGR_FROM2017,Età  media al matrimonio sposi (tutte le età),2018,39.98,,,,,TIPO_DATO15__MAGEMBRGR_FROM2017_N1,'Età media delle spose, ponderata con i quozienti specifici di nuzialità.Per gli anni 2010-2016 si può cliccare sul Tipo dato e selezionare l"'indicatore corrispondente',,,,,,
A,Annuale,ITD2,Provincia Autonoma Trento,MAGEMBRGR_FROM2017,Età  media al matrimonio sposi (tutte le età),2019,39.57,,,,,TIPO_DATO15__MAGEMBRGR_FROM2017_N1,'Età media delle spose, ponderata con i quozienti specifici di nuzialità.Per gli anni 2010-2016 si può cliccare sul Tipo dato e selezionare l"'indicatore corrispondente',,,,,,
A,Annuale,ITD2,Provincia Autonoma Trento,MAGEMBRGR_FROM2017,Età  media al matrimonio sposi (tutte le età),2020,41,,,,,TIPO_DATO15__MAGEMBRGR_FROM2017_N1,'Età media delle spose, ponderata con i quozienti specifici di nuzialità.Per gli anni 2010-2016 si può cliccare sul Tipo dato e selezionare l"'indicatore corrispondente',,,,,,
A,Annuale,ITD2,Provincia Autonoma Trento,MAGEMBRGR_FROM2017,Età  media al matrimonio sposi (tutte le età),2021,40.75,,,,,TIPO_DATO15__MAGEMBRGR_FROM2017_N1,'Età media delle spose, ponderata con i quozienti specifici di nuzialità.Per gli anni 2010-2016 si può cliccare sul Tipo dato e selezionare l"'indicatore corrispondente',,,,,,
A,Annuale,ITD2,Provincia Autonoma Trento,MAGEMBRGR_FROM2017,Età  media al matrimonio sposi (tutte le età),2022,40.93,,,,,TIPO_DATO15__MAGEMBRGR_FROM2017_N1,'Età media delle spose, ponderata con i quozienti specifici di nuzialità.Per gli anni 2010-2016 si può cliccare sul Tipo dato e selezionare l"'indicatore corrispondente',,,,,,
A,Annuale,ITD2,Provincia Autonoma Trento,MAGEMBRGR_FROM2017,Età  media al matrimonio sposi (tutte le età),2023,41.45,e,Dato stimato,,,TIPO_DATO15__MAGEMBRGR_FROM2017_N1,'Età media delle spose, ponderata con i quozienti specifici di nuzialità.Per gli anni 2010-2016 si può cliccare sul Tipo dato e selezionare l"'indicatore corrispondente',,,,,,
A,Annuale,ITD2,Provincia Autonoma Trento,MAGEMBR_FROM2017,Età  media al matrimonio spose (tutte le età),2004,29.87,,,,,TIPO_DATO15__MAGEMBR_FROM2017_N1,'Età media delle spose, ponderata con i quozienti specifici di nuzialità.Per gli anni 2010-2016 si può cliccare sul Tipo dato e selezionare l"'indicatore corrispondente',,,,,,
A,Annuale,ITD2,Provincia Autonoma Trento,MAGEMBR_FROM2017,Età  media al matrimonio spose (tutte le età),2005,30.14,,,,,TIPO_DATO15__MAGEMBR_FROM2017_N1,'Età media delle spose, ponderata con i quozienti specifici di nuzialità.Per gli anni 2010-2016 si può cliccare sul Tipo dato e selezionare l"'indicatore corrispondente',,,,,,
A,Annuale,ITD2,Provincia Autonoma Trento,MAGEMBR_FROM2017,Età  media al matrimonio spose (tutte le età),2006,30.96,,,,,TIPO_DATO15__MAGEMBR_FROM2017_N1,'Età media delle spose, ponderata con i quozienti specifici di nuzialità.Per gli anni 2010-2016 si può cliccare sul Tipo dato e selezionare l"'indicatore corrispondente',,,,,,
A,Annuale,ITD2,Provincia Autonoma Trento,MAGEMBR_FROM2017,Età  media al matrimonio spose (tutte le età),2007,30.92,,,,,TIPO_DATO15__MAGEMBR_FROM2017_N1,'Età media delle spose, ponderata con i quozienti specifici di nuzialità.Per gli anni 2010-2016 si può cliccare sul Tipo dato e selezionare l"'indicatore corrispondente',,,,,,
A,Annuale,ITD2,Provincia Autonoma Trento,MAGEMBR_FROM2017,Età  media al matrimonio spose (tutte le età),2008,31.09,,,,,TIPO_DATO15__MAGEMBR_FROM2017_N1,'Età media delle spose, ponderata con i quozienti specifici di nuzialità.Per gli anni 2010-2016 si può cliccare sul Tipo dato e selezionare l"'indicatore corrispondente',,,,,,
A,Annuale,ITD2,Provincia Autonoma Trento,MAGEMBR_FROM2017,Età  media al matrimonio spose (tutte le età),2009,31.95,,,,,TIPO_DATO15__MAGEMBR_FROM2017_N1,'Età media delle spose, ponderata con i quozienti specifici di nuzialità.Per gli anni 2010-2016 si può cliccare sul Tipo dato e selezionare l"'indicatore corrispondente',,,,,,
A,Annuale,ITD2,Provincia Autonoma Trento,MAGEMBR_FROM2017,Età  media al matrimonio spose (tutte le età),2010,32.06,,,,,TIPO_DATO15__MAGEMBR_FROM2017_N1,'Età media delle spose, ponderata con i quozienti specifici di nuzialità.Per gli anni 2010-2016 si può cliccare sul Tipo dato e selezionare l"'indicatore corrispondente',,,,,,
A,Annuale,ITD2,Provincia Autonoma Trento,MAGEMBR_FROM2017,Età  media al matrimonio spose (tutte le età),2011,32.42,,,,,TIPO_DATO15__MAGEMBR_FROM2017_N1,'Età media delle spose, ponderata con i quozienti specifici di nuzialità.Per gli anni 2010-2016 si può cliccare sul Tipo dato e selezionare l"'indicatore corrispondente',,,,,,
A,Annuale,ITD2,Provincia Autonoma Trento,MAGEMBR_FROM2017,Età  media al matrimonio spose (tutte le età),2012,32.6,,,,,TIPO_DATO15__MAGEMBR_FROM2017_N1,'Età media delle spose, ponderata con i quozienti specifici di nuzialità.Per gli anni 2010-2016 si può cliccare sul Tipo dato e selezionare l"'indicatore corrispondente',,,,,,
A,Annuale,ITD2,Provincia Autonoma Trento,MAGEMBR_FROM2017,Età  media al matrimonio spose (tutte le età),2013,32.71,,,,,TIPO_DATO15__MAGEMBR_FROM2017_N1,'Età media delle spose, ponderata con i quozienti specifici di nuzialità.Per gli anni 2010-2016 si può cliccare sul Tipo dato e selezionare l"'indicatore corrispondente',,,,,,
A,Annuale,ITD2,Provincia Autonoma Trento,MAGEMBR_FROM2017,Età  media al matrimonio spose (tutte le età),2014,33.03,,,,,TIPO_DATO15__MAGEMBR_FROM2017_N1,'Età media delle spose, ponderata con i quozienti specifici di nuzialità.Per gli anni 2010-2016 si può cliccare sul Tipo dato e selezionare l"'indicatore corrispondente',,,,,,
A,Annuale,ITD2,Provincia Autonoma Trento,MAGEMBR_FROM2017,Età  media al matrimonio spose (tutte le età),2015,33.34,,,,,TIPO_DATO15__MAGEMBR_FROM2017_N1,'Età media delle spose, ponderata con i quozienti specifici di nuzialità.Per gli anni 2010-2016 si può cliccare sul Tipo dato e selezionare l"'indicatore corrispondente',,,,,,
A,Annuale,ITD2,Provincia Autonoma Trento,MAGEMBR_FROM2017,Età  media al matrimonio spose (tutte le età),2016,34.38,,,,,TIPO_DATO15__MAGEMBR_FROM2017_N1,'Età media delle spose, ponderata con i quozienti specifici di nuzialità.Per gli anni 2010-2016 si può cliccare sul Tipo dato e selezionare l"'indicatore corrispondente',,,,,,
A,Annuale,ITD2,Provincia Autonoma Trento,MAGEMBR_FROM2017,Età  media al matrimonio spose (tutte le età),2017,34.54,,,,,TIPO_DATO15__MAGEMBR_FROM2017_N1,'Età media delle spose, ponderata con i quozienti specifici di nuzialità.Per gli anni 2010-2016 si può cliccare sul Tipo dato e selezionare l"'indicatore corrispondente',,,,,,
A,Annuale,ITD2,Provincia Autonoma Trento,MAGEMBR_FROM2017,Età  media al matrimonio spose (tutte le età),2018,35.14,,,,,TIPO_DATO15__MAGEMBR_FROM2017_N1,'Età media delle spose, ponderata con i quozienti specifici di nuzialità.Per gli anni 2010-2016 si può cliccare sul Tipo dato e selezionare l"'indicatore corrispondente',,,,,,
A,Annuale,ITD2,Provincia Autonoma Trento,MAGEMBR_FROM2017,Età  media al matrimonio spose (tutte le età),2019,35.36,,,,,TIPO_DATO15__MAGEMBR_FROM2017_N1,'Età media delle spose, ponderata con i quozienti specifici di nuzialità.Per gli anni 2010-2016 si può cliccare sul Tipo dato e selezionare l"'indicatore corrispondente',,,,,,
A,Annuale,ITD2,Provincia Autonoma Trento,MAGEMBR_FROM2017,Età  media al matrimonio spose (tutte le età),2020,36.48,,,,,TIPO_DATO15__MAGEMBR_FROM2017_N1,'Età media delle spose, ponderata con i quozienti specifici di nuzialità.Per gli anni 2010-2016 si può cliccare sul Tipo dato e selezionare l"'indicatore corrispondente',,,,,,
A,Annuale,ITD2,Provincia Autonoma Trento,MAGEMBR_FROM2017,Età  media al matrimonio spose (tutte le età),2021,36.37,,,,,TIPO_DATO15__MAGEMBR_FROM2017_N1,'Età media delle spose, ponderata con i quozienti specifici di nuzialità.Per gli anni 2010-2016 si può cliccare sul Tipo dato e selezionare l"'indicatore corrispondente',,,,,,
A,Annuale,ITD2,Provincia Autonoma Trento,MAGEMBR_FROM2017,Età  media al matrimonio spose (tutte le età),2022,36.48,,,,,TIPO_DATO15__MAGEMBR_FROM2017_N1,'Età media delle spose, ponderata con i quozienti specifici di nuzialità.Per gli anni 2010-2016 si può cliccare sul Tipo dato e selezionare l"'indicatore corrispondente',,,,,,
A,Annuale,ITD2,Provincia Autonoma Trento,MAGEMBR_FROM2017,Età  media al matrimonio spose (tutte le età),2023,37.26,e,Dato stimato,,,TIPO_DATO15__MAGEMBR_FROM2017_N1,'Età media delle spose, ponderata con i quozienti specifici di nuzialità.Per gli anni 2010-2016 si può cliccare sul Tipo dato e selezionare l"'indicatore corrispondente',,,,,,
A,Annuale,ITD3,Veneto,CMARRGP_FROM2017,Matrimoni civili (%),2004,37.9,,,,,,,,,,,,
A,Annuale,ITD3,Veneto,CMARRGP_FROM2017,Matrimoni civili (%),2005,41.2,,,,,,,,,,,,
A,Annuale,ITD3,Veneto,CMARRGP_FROM2017,Matrimoni civili (%),2006,41.3,,,,,,,,,,,,
A,Annuale,ITD3,Veneto,CMARRGP_FROM2017,Matrimoni civili (%),2007,42.4,,,,,,,,,,,,
A,Annuale,ITD3,Veneto,CMARRGP_FROM2017,Matrimoni civili (%),2008,43.9,,,,,,,,,,,,
A,Annuale,ITD3,Veneto,CMARRGP_FROM2017,Matrimoni civili (%),2009,45.4,,,,,,,,,,,,
A,Annuale,ITD3,Veneto,CMARRGP_FROM2017,Matrimoni civili (%),2010,44,,,,,,,,,,,,
A,Annuale,ITD3,Veneto,CMARRGP_FROM2017,Matrimoni civili (%),2011,47.5,,,,,,,,,,,,
A,Annuale,ITD3,Veneto,CMARRGP_FROM2017,Matrimoni civili (%),2012,48.7,,,,,,,,,,,,
A,Annuale,ITD3,Veneto,CMARRGP_FROM2017,Matrimoni civili (%),2013,50.2,,,,,,,,,,,,
A,Annuale,ITD3,Veneto,CMARRGP_FROM2017,Matrimoni civili (%),2014,51.4,,,,,,,,,,,,
A,Annuale,ITD3,Veneto,CMARRGP_FROM2017,Matrimoni civili (%),2015,53.8,,,,,,,,,,,,
A,Annuale,ITD3,Veneto,CMARRGP_FROM2017,Matrimoni civili (%),2016,55.7,,,,,,,,,,,,
A,Annuale,ITD3,Veneto,CMARRGP_FROM2017,Matrimoni civili (%),2017,59.6,,,,,,,,,,,,
A,Annuale,ITD3,Veneto,CMARRGP_FROM2017,Matrimoni civili (%),2018,59.9,,,,,,,,,,,,
A,Annuale,ITD3,Veneto,CMARRGP_FROM2017,Matrimoni civili (%),2019,61.9,,,,,,,,,,,,
A,Annuale,ITD3,Veneto,CMARRGP_FROM2017,Matrimoni civili (%),2020,72,,,,,,,,,,,,
A,Annuale,ITD3,Veneto,CMARRGP_FROM2017,Matrimoni civili (%),2021,65.1,,,,,,,,,,,,
A,Annuale,ITD3,Veneto,CMARRGP_FROM2017,Matrimoni civili (%),2022,66.9,,,,,,,,,,,,
A,Annuale,ITD3,Veneto,CMARRGP_FROM2017,Matrimoni civili (%),2023,69.2,,,,,,,,,,,,
A,Annuale,ITD3,Veneto,NUPT_TOTM_FROM2017,Tasso di nuzialità  totale sposi-valori per mille,2004,487.6,,,,,,,,,,,,
A,Annuale,ITD3,Veneto,NUPT_TOTM_FROM2017,Tasso di nuzialità  totale sposi-valori per mille,2005,494.3,,,,,,,,,,,,
A,Annuale,ITD3,Veneto,NUPT_TOTM_FROM2017,Tasso di nuzialità  totale sposi-valori per mille,2006,488.3,,,,,,,,,,,,
A,Annuale,ITD3,Veneto,NUPT_TOTM_FROM2017,Tasso di nuzialità  totale sposi-valori per mille,2007,500,,,,,,,,,,,,
A,Annuale,ITD3,Veneto,NUPT_TOTM_FROM2017,Tasso di nuzialità  totale sposi-valori per mille,2008,493,,,,,,,,,,,,
A,Annuale,ITD3,Veneto,NUPT_TOTM_FROM2017,Tasso di nuzialità  totale sposi-valori per mille,2009,455.8,,,,,,,,,,,,
A,Annuale,ITD3,Veneto,NUPT_TOTM_FROM2017,Tasso di nuzialità  totale sposi-valori per mille,2010,451.2,,,,,,,,,,,,
A,Annuale,ITD3,Veneto,NUPT_TOTM_FROM2017,Tasso di nuzialità  totale sposi-valori per mille,2011,426.3,,,,,,,,,,,,
A,Annuale,ITD3,Veneto,NUPT_TOTM_FROM2017,Tasso di nuzialità  totale sposi-valori per mille,2012,441,,,,,,,,,,,,
A,Annuale,ITD3,Veneto,NUPT_TOTM_FROM2017,Tasso di nuzialità  totale sposi-valori per mille,2013,410.6,,,,,,,,,,,,
A,Annuale,ITD3,Veneto,NUPT_TOTM_FROM2017,Tasso di nuzialità  totale sposi-valori per mille,2014,410.6,,,,,,,,,,,,
A,Annuale,ITD3,Veneto,NUPT_TOTM_FROM2017,Tasso di nuzialità  totale sposi-valori per mille,2015,423.4,,,,,,,,,,,,
A,Annuale,ITD3,Veneto,NUPT_TOTM_FROM2017,Tasso di nuzialità  totale sposi-valori per mille,2016,435.9,,,,,,,,,,,,
A,Annuale,ITD3,Veneto,NUPT_TOTM_FROM2017,Tasso di nuzialità  totale sposi-valori per mille,2017,405,,,,,,,,,,,,
A,Annuale,ITD3,Veneto,NUPT_TOTM_FROM2017,Tasso di nuzialità  totale sposi-valori per mille,2018,420,,,,,,,,,,,,
A,Annuale,ITD3,Veneto,NUPT_TOTM_FROM2017,Tasso di nuzialità  totale sposi-valori per mille,2019,388.1,,,,,,,,,,,,
A,Annuale,ITD3,Veneto,NUPT_TOTM_FROM2017,Tasso di nuzialità  totale sposi-valori per mille,2020,221.3,,,,,,,,,,,,
A,Annuale,ITD3,Veneto,NUPT_TOTM_FROM2017,Tasso di nuzialità  totale sposi-valori per mille,2021,363.3,,,,,,,,,,,,
A,Annuale,ITD3,Veneto,NUPT_TOTM_FROM2017,Tasso di nuzialità  totale sposi-valori per mille,2022,399.5,,,,,,,,,,,,
A,Annuale,ITD3,Veneto,NUPT_TOTM_FROM2017,Tasso di nuzialità  totale sposi-valori per mille,2023,388.5,e,Dato stimato,,,,,,,,,,
A,Annuale,ITD3,Veneto,NUPT_TOTW_FROM2017,Tasso di nuzialità totale spose-valori per mille,2004,576.3,,,,,,,,,,,,
A,Annuale,ITD3,Veneto,NUPT_TOTW_FROM2017,Tasso di nuzialità totale spose-valori per mille,2005,588.8,,,,,,,,,,,,
A,Annuale,ITD3,Veneto,NUPT_TOTW_FROM2017,Tasso di nuzialità totale spose-valori per mille,2006,581,,,,,,,,,,,,
A,Annuale,ITD3,Veneto,NUPT_TOTW_FROM2017,Tasso di nuzialità totale spose-valori per mille,2007,590.6,,,,,,,,,,,,
A,Annuale,ITD3,Veneto,NUPT_TOTW_FROM2017,Tasso di nuzialità totale spose-valori per mille,2008,579.9,,,,,,,,,,,,
A,Annuale,ITD3,Veneto,NUPT_TOTW_FROM2017,Tasso di nuzialità totale spose-valori per mille,2009,532.8,,,,,,,,,,,,
A,Annuale,ITD3,Veneto,NUPT_TOTW_FROM2017,Tasso di nuzialità totale spose-valori per mille,2010,524.7,,,,,,,,,,,,
A,Annuale,ITD3,Veneto,NUPT_TOTW_FROM2017,Tasso di nuzialità totale spose-valori per mille,2011,493.8,,,,,,,,,,,,
A,Annuale,ITD3,Veneto,NUPT_TOTW_FROM2017,Tasso di nuzialità totale spose-valori per mille,2012,507.4,,,,,,,,,,,,
A,Annuale,ITD3,Veneto,NUPT_TOTW_FROM2017,Tasso di nuzialità totale spose-valori per mille,2013,471.4,,,,,,,,,,,,
A,Annuale,ITD3,Veneto,NUPT_TOTW_FROM2017,Tasso di nuzialità totale spose-valori per mille,2014,469.2,,,,,,,,,,,,
A,Annuale,ITD3,Veneto,NUPT_TOTW_FROM2017,Tasso di nuzialità totale spose-valori per mille,2015,484.5,,,,,,,,,,,,
A,Annuale,ITD3,Veneto,NUPT_TOTW_FROM2017,Tasso di nuzialità totale spose-valori per mille,2016,497.8,,,,,,,,,,,,
A,Annuale,ITD3,Veneto,NUPT_TOTW_FROM2017,Tasso di nuzialità totale spose-valori per mille,2017,464.9,,,,,,,,,,,,
A,Annuale,ITD3,Veneto,NUPT_TOTW_FROM2017,Tasso di nuzialità totale spose-valori per mille,2018,483.5,,,,,,,,,,,,
A,Annuale,ITD3,Veneto,NUPT_TOTW_FROM2017,Tasso di nuzialità totale spose-valori per mille,2019,445.2,,,,,,,,,,,,
A,Annuale,ITD3,Veneto,NUPT_TOTW_FROM2017,Tasso di nuzialità totale spose-valori per mille,2020,259.5,,,,,,,,,,,,
A,Annuale,ITD3,Veneto,NUPT_TOTW_FROM2017,Tasso di nuzialità totale spose-valori per mille,2021,422.2,,,,,,,,,,,,
A,Annuale,ITD3,Veneto,NUPT_TOTW_FROM2017,Tasso di nuzialità totale spose-valori per mille,2022,467.8,,,,,,,,,,,,
A,Annuale,ITD3,Veneto,NUPT_TOTW_FROM2017,Tasso di nuzialità totale spose-valori per mille,2023,452.9,e,Dato stimato,,,,,,,,,,
A,Annuale,ITD3,Veneto,MAGEMBRGR_FROM2017,Età  media al matrimonio sposi (tutte le età),2004,34.63,,,,,TIPO_DATO15__MAGEMBRGR_FROM2017_N1,'Età media delle spose, ponderata con i quozienti specifici di nuzialità.Per gli anni 2010-2016 si può cliccare sul Tipo dato e selezionare l"'indicatore corrispondente',,,,,,
A,Annuale,ITD3,Veneto,MAGEMBRGR_FROM2017,Età  media al matrimonio sposi (tutte le età),2005,35.73,,,,,TIPO_DATO15__MAGEMBRGR_FROM2017_N1,'Età media delle spose, ponderata con i quozienti specifici di nuzialità.Per gli anni 2010-2016 si può cliccare sul Tipo dato e selezionare l"'indicatore corrispondente',,,,,,
A,Annuale,ITD3,Veneto,MAGEMBRGR_FROM2017,Età  media al matrimonio sposi (tutte le età),2006,35.22,,,,,TIPO_DATO15__MAGEMBRGR_FROM2017_N1,'Età media delle spose, ponderata con i quozienti specifici di nuzialità.Per gli anni 2010-2016 si può cliccare sul Tipo dato e selezionare l"'indicatore corrispondente',,,,,,
A,Annuale,ITD3,Veneto,MAGEMBRGR_FROM2017,Età  media al matrimonio sposi (tutte le età),2007,35.35,,,,,TIPO_DATO15__MAGEMBRGR_FROM2017_N1,'Età media delle spose, ponderata con i quozienti specifici di nuzialità.Per gli anni 2010-2016 si può cliccare sul Tipo dato e selezionare l"'indicatore corrispondente',,,,,,
A,Annuale,ITD3,Veneto,MAGEMBRGR_FROM2017,Età  media al matrimonio sposi (tutte le età),2008,35.82,,,,,TIPO_DATO15__MAGEMBRGR_FROM2017_N1,'Età media delle spose, ponderata con i quozienti specifici di nuzialità.Per gli anni 2010-2016 si può cliccare sul Tipo dato e selezionare l"'indicatore corrispondente',,,,,,
A,Annuale,ITD3,Veneto,MAGEMBRGR_FROM2017,Età  media al matrimonio sposi (tutte le età),2009,35.9,,,,,TIPO_DATO15__MAGEMBRGR_FROM2017_N1,'Età media delle spose, ponderata con i quozienti specifici di nuzialità.Per gli anni 2010-2016 si può cliccare sul Tipo dato e selezionare l"'indicatore corrispondente',,,,,,
A,Annuale,ITD3,Veneto,MAGEMBRGR_FROM2017,Età  media al matrimonio sposi (tutte le età),2010,36.31,,,,,TIPO_DATO15__MAGEMBRGR_FROM2017_N1,'Età media delle spose, ponderata con i quozienti specifici di nuzialità.Per gli anni 2010-2016 si può cliccare sul Tipo dato e selezionare l"'indicatore corrispondente',,,,,,
A,Annuale,ITD3,Veneto,MAGEMBRGR_FROM2017,Età  media al matrimonio sposi (tutte le età),2011,36.75,,,,,TIPO_DATO15__MAGEMBRGR_FROM2017_N1,'Età media delle spose, ponderata con i quozienti specifici di nuzialità.Per gli anni 2010-2016 si può cliccare sul Tipo dato e selezionare l"'indicatore corrispondente',,,,,,
A,Annuale,ITD3,Veneto,MAGEMBRGR_FROM2017,Età  media al matrimonio sposi (tutte le età),2012,36.63,,,,,TIPO_DATO15__MAGEMBRGR_FROM2017_N1,'Età media delle spose, ponderata con i quozienti specifici di nuzialità.Per gli anni 2010-2016 si può cliccare sul Tipo dato e selezionare l"'indicatore corrispondente',,,,,,
A,Annuale,ITD3,Veneto,MAGEMBRGR_FROM2017,Età  media al matrimonio sposi (tutte le età),2013,36.99,,,,,TIPO_DATO15__MAGEMBRGR_FROM2017_N1,'Età media delle spose, ponderata con i quozienti specifici di nuzialità.Per gli anni 2010-2016 si può cliccare sul Tipo dato e selezionare l"'indicatore corrispondente',,,,,,
A,Annuale,ITD3,Veneto,MAGEMBRGR_FROM2017,Età  media al matrimonio sposi (tutte le età),2014,37.11,,,,,TIPO_DATO15__MAGEMBRGR_FROM2017_N1,'Età media delle spose, ponderata con i quozienti specifici di nuzialità.Per gli anni 2010-2016 si può cliccare sul Tipo dato e selezionare l"'indicatore corrispondente',,,,,,
A,Annuale,ITD3,Veneto,MAGEMBRGR_FROM2017,Età  media al matrimonio sposi (tutte le età),2015,37.8,,,,,TIPO_DATO15__MAGEMBRGR_FROM2017_N1,'Età media delle spose, ponderata con i quozienti specifici di nuzialità.Per gli anni 2010-2016 si può cliccare sul Tipo dato e selezionare l"'indicatore corrispondente',,,,,,
A,Annuale,ITD3,Veneto,MAGEMBRGR_FROM2017,Età  media al matrimonio sposi (tutte le età),2016,38.07,,,,,TIPO_DATO15__MAGEMBRGR_FROM2017_N1,'Età media delle spose, ponderata con i quozienti specifici di nuzialità.Per gli anni 2010-2016 si può cliccare sul Tipo dato e selezionare l"'indicatore corrispondente',,,,,,
A,Annuale,ITD3,Veneto,MAGEMBRGR_FROM2017,Età  media al matrimonio sposi (tutte le età),2017,38.55,,,,,TIPO_DATO15__MAGEMBRGR_FROM2017_N1,'Età media delle spose, ponderata con i quozienti specifici di nuzialità.Per gli anni 2010-2016 si può cliccare sul Tipo dato e selezionare l"'indicatore corrispondente',,,,,,
A,Annuale,ITD3,Veneto,MAGEMBRGR_FROM2017,Età  media al matrimonio sposi (tutte le età),2018,38.84,,,,,TIPO_DATO15__MAGEMBRGR_FROM2017_N1,'Età media delle spose, ponderata con i quozienti specifici di nuzialità.Per gli anni 2010-2016 si può cliccare sul Tipo dato e selezionare l"'indicatore corrispondente',,,,,,
A,Annuale,ITD3,Veneto,MAGEMBRGR_FROM2017,Età  media al matrimonio sposi (tutte le età),2019,39.29,,,,,TIPO_DATO15__MAGEMBRGR_FROM2017_N1,'Età media delle spose, ponderata con i quozienti specifici di nuzialità.Per gli anni 2010-2016 si può cliccare sul Tipo dato e selezionare l"'indicatore corrispondente',,,,,,
A,Annuale,ITD3,Veneto,MAGEMBRGR_FROM2017,Età  media al matrimonio sposi (tutte le età),2020,40.86,,,,,TIPO_DATO15__MAGEMBRGR_FROM2017_N1,'Età media delle spose, ponderata con i quozienti specifici di nuzialità.Per gli anni 2010-2016 si può cliccare sul Tipo dato e selezionare l"'indicatore corrispondente',,,,,,
A,Annuale,ITD3,Veneto,MAGEMBRGR_FROM2017,Età  media al matrimonio sposi (tutte le età),2021,41.24,,,,,TIPO_DATO15__MAGEMBRGR_FROM2017_N1,'Età media delle spose, ponderata con i quozienti specifici di nuzialità.Per gli anni 2010-2016 si può cliccare sul Tipo dato e selezionare l"'indicatore corrispondente',,,,,,
A,Annuale,ITD3,Veneto,MAGEMBRGR_FROM2017,Età  media al matrimonio sposi (tutte le età),2022,40.66,,,,,TIPO_DATO15__MAGEMBRGR_FROM2017_N1,'Età media delle spose, ponderata con i quozienti specifici di nuzialità.Per gli anni 2010-2016 si può cliccare sul Tipo dato e selezionare l"'indicatore corrispondente',,,,,,
A,Annuale,ITD3,Veneto,MAGEMBRGR_FROM2017,Età  media al matrimonio sposi (tutte le età),2023,41.37,e,Dato stimato,,,TIPO_DATO15__MAGEMBRGR_FROM2017_N1,'Età media delle spose, ponderata con i quozienti specifici di nuzialità.Per gli anni 2010-2016 si può cliccare sul Tipo dato e selezionare l"'indicatore corrispondente',,,,,,
A,Annuale,ITD3,Veneto,MAGEMBR_FROM2017,Età  media al matrimonio spose (tutte le età),2004,30.21,,,,,TIPO_DATO15__MAGEMBR_FROM2017_N1,'Età media delle spose, ponderata con i quozienti specifici di nuzialità.Per gli anni 2010-2016 si può cliccare sul Tipo dato e selezionare l"'indicatore corrispondente',,,,,,
A,Annuale,ITD3,Veneto,MAGEMBR_FROM2017,Età  media al matrimonio spose (tutte le età),2005,30.52,,,,,TIPO_DATO15__MAGEMBR_FROM2017_N1,'Età media delle spose, ponderata con i quozienti specifici di nuzialità.Per gli anni 2010-2016 si può cliccare sul Tipo dato e selezionare l"'indicatore corrispondente',,,,,,
A,Annuale,ITD3,Veneto,MAGEMBR_FROM2017,Età  media al matrimonio spose (tutte le età),2006,30.84,,,,,TIPO_DATO15__MAGEMBR_FROM2017_N1,'Età media delle spose, ponderata con i quozienti specifici di nuzialità.Per gli anni 2010-2016 si può cliccare sul Tipo dato e selezionare l"'indicatore corrispondente',,,,,,
A,Annuale,ITD3,Veneto,MAGEMBR_FROM2017,Età  media al matrimonio spose (tutte le età),2007,31.23,,,,,TIPO_DATO15__MAGEMBR_FROM2017_N1,'Età media delle spose, ponderata con i quozienti specifici di nuzialità.Per gli anni 2010-2016 si può cliccare sul Tipo dato e selezionare l"'indicatore corrispondente',,,,,,
A,Annuale,ITD3,Veneto,MAGEMBR_FROM2017,Età  media al matrimonio spose (tutte le età),2008,31.46,,,,,TIPO_DATO15__MAGEMBR_FROM2017_N1,'Età media delle spose, ponderata con i quozienti specifici di nuzialità.Per gli anni 2010-2016 si può cliccare sul Tipo dato e selezionare l"'indicatore corrispondente',,,,,,
A,Annuale,ITD3,Veneto,MAGEMBR_FROM2017,Età  media al matrimonio spose (tutte le età),2009,31.7,,,,,TIPO_DATO15__MAGEMBR_FROM2017_N1,'Età media delle spose, ponderata con i quozienti specifici di nuzialità.Per gli anni 2010-2016 si può cliccare sul Tipo dato e selezionare l"'indicatore corrispondente',,,,,,
A,Annuale,ITD3,Veneto,MAGEMBR_FROM2017,Età  media al matrimonio spose (tutte le età),2010,32.08,,,,,TIPO_DATO15__MAGEMBR_FROM2017_N1,'Età media delle spose, ponderata con i quozienti specifici di nuzialità.Per gli anni 2010-2016 si può cliccare sul Tipo dato e selezionare l"'indicatore corrispondente',,,,,,
A,Annuale,ITD3,Veneto,MAGEMBR_FROM2017,Età  media al matrimonio spose (tutte le età),2011,32.45,,,,,TIPO_DATO15__MAGEMBR_FROM2017_N1,'Età media delle spose, ponderata con i quozienti specifici di nuzialità.Per gli anni 2010-2016 si può cliccare sul Tipo dato e selezionare l"'indicatore corrispondente',,,,,,
A,Annuale,ITD3,Veneto,MAGEMBR_FROM2017,Età  media al matrimonio spose (tutte le età),2012,32.56,,,,,TIPO_DATO15__MAGEMBR_FROM2017_N1,'Età media delle spose, ponderata con i quozienti specifici di nuzialità.Per gli anni 2010-2016 si può cliccare sul Tipo dato e selezionare l"'indicatore corrispondente',,,,,,
A,Annuale,ITD3,Veneto,MAGEMBR_FROM2017,Età  media al matrimonio spose (tutte le età),2013,32.87,,,,,TIPO_DATO15__MAGEMBR_FROM2017_N1,'Età media delle spose, ponderata con i quozienti specifici di nuzialità.Per gli anni 2010-2016 si può cliccare sul Tipo dato e selezionare l"'indicatore corrispondente',,,,,,
A,Annuale,ITD3,Veneto,MAGEMBR_FROM2017,Età  media al matrimonio spose (tutte le età),2014,33.1,,,,,TIPO_DATO15__MAGEMBR_FROM2017_N1,'Età media delle spose, ponderata con i quozienti specifici di nuzialità.Per gli anni 2010-2016 si può cliccare sul Tipo dato e selezionare l"'indicatore corrispondente',,,,,,
A,Annuale,ITD3,Veneto,MAGEMBR_FROM2017,Età  media al matrimonio spose (tutte le età),2015,33.63,,,,,TIPO_DATO15__MAGEMBR_FROM2017_N1,'Età media delle spose, ponderata con i quozienti specifici di nuzialità.Per gli anni 2010-2016 si può cliccare sul Tipo dato e selezionare l"'indicatore corrispondente',,,,,,
A,Annuale,ITD3,Veneto,MAGEMBR_FROM2017,Età  media al matrimonio spose (tutte le età),2016,33.93,,,,,TIPO_DATO15__MAGEMBR_FROM2017_N1,'Età media delle spose, ponderata con i quozienti specifici di nuzialità.Per gli anni 2010-2016 si può cliccare sul Tipo dato e selezionare l"'indicatore corrispondente',,,,,,
A,Annuale,ITD3,Veneto,MAGEMBR_FROM2017,Età  media al matrimonio spose (tutte le età),2017,34.4,,,,,TIPO_DATO15__MAGEMBR_FROM2017_N1,'Età media delle spose, ponderata con i quozienti specifici di nuzialità.Per gli anni 2010-2016 si può cliccare sul Tipo dato e selezionare l"'indicatore corrispondente',,,,,,
A,Annuale,ITD3,Veneto,MAGEMBR_FROM2017,Età  media al matrimonio spose (tutte le età),2018,34.62,,,,,TIPO_DATO15__MAGEMBR_FROM2017_N1,'Età media delle spose, ponderata con i quozienti specifici di nuzialità.Per gli anni 2010-2016 si può cliccare sul Tipo dato e selezionare l"'indicatore corrispondente',,,,,,
A,Annuale,ITD3,Veneto,MAGEMBR_FROM2017,Età  media al matrimonio spose (tutte le età),2019,35.09,,,,,TIPO_DATO15__MAGEMBR_FROM2017_N1,'Età media delle spose, ponderata con i quozienti specifici di nuzialità.Per gli anni 2010-2016 si può cliccare sul Tipo dato e selezionare l"'indicatore corrispondente',,,,,,
A,Annuale,ITD3,Veneto,MAGEMBR_FROM2017,Età  media al matrimonio spose (tutte le età),2020,36.08,,,,,TIPO_DATO15__MAGEMBR_FROM2017_N1,'Età media delle spose, ponderata con i quozienti specifici di nuzialità.Per gli anni 2010-2016 si può cliccare sul Tipo dato e selezionare l"'indicatore corrispondente',,,,,,
A,Annuale,ITD3,Veneto,MAGEMBR_FROM2017,Età  media al matrimonio spose (tutte le età),2021,35.95,,,,,TIPO_DATO15__MAGEMBR_FROM2017_N1,'Età media delle spose, ponderata con i quozienti specifici di nuzialità.Per gli anni 2010-2016 si può cliccare sul Tipo dato e selezionare l"'indicatore corrispondente',,,,,,
A,Annuale,ITD3,Veneto,MAGEMBR_FROM2017,Età  media al matrimonio spose (tutte le età),2022,36.3,,,,,TIPO_DATO15__MAGEMBR_FROM2017_N1,'Età media delle spose, ponderata con i quozienti specifici di nuzialità.Per gli anni 2010-2016 si può cliccare sul Tipo dato e selezionare l"'indicatore corrispondente',,,,,,
A,Annuale,ITD3,Veneto,MAGEMBR_FROM2017,Età  media al matrimonio spose (tutte le età),2023,36.95,e,Dato stimato,,,TIPO_DATO15__MAGEMBR_FROM2017_N1,'Età media delle spose, ponderata con i quozienti specifici di nuzialità.Per gli anni 2010-2016 si può cliccare sul Tipo dato e selezionare l"'indicatore corrispondente',,,,,,
A,Annuale,ITD4,Friuli-Venezia Giulia,CMARRGP_FROM2017,Matrimoni civili (%),2004,51.5,,,,,,,,,,,,
A,Annuale,ITD4,Friuli-Venezia Giulia,CMARRGP_FROM2017,Matrimoni civili (%),2005,50.2,,,,,,,,,,,,
A,Annuale,ITD4,Friuli-Venezia Giulia,CMARRGP_FROM2017,Matrimoni civili (%),2006,51,,,,,,,,,,,,
A,Annuale,ITD4,Friuli-Venezia Giulia,CMARRGP_FROM2017,Matrimoni civili (%),2007,50.7,,,,,,,,,,,,
A,Annuale,ITD4,Friuli-Venezia Giulia,CMARRGP_FROM2017,Matrimoni civili (%),2008,52.5,,,,,,,,,,,,
A,Annuale,ITD4,Friuli-Venezia Giulia,CMARRGP_FROM2017,Matrimoni civili (%),2009,54.5,,,,,,,,,,,,
A,Annuale,ITD4,Friuli-Venezia Giulia,CMARRGP_FROM2017,Matrimoni civili (%),2010,54.1,,,,,,,,,,,,
A,Annuale,ITD4,Friuli-Venezia Giulia,CMARRGP_FROM2017,Matrimoni civili (%),2011,58.9,,,,,,,,,,,,
A,Annuale,ITD4,Friuli-Venezia Giulia,CMARRGP_FROM2017,Matrimoni civili (%),2012,57.2,,,,,,,,,,,,
A,Annuale,ITD4,Friuli-Venezia Giulia,CMARRGP_FROM2017,Matrimoni civili (%),2013,59.5,,,,,,,,,,,,
A,Annuale,ITD4,Friuli-Venezia Giulia,CMARRGP_FROM2017,Matrimoni civili (%),2014,59.8,,,,,,,,,,,,
A,Annuale,ITD4,Friuli-Venezia Giulia,CMARRGP_FROM2017,Matrimoni civili (%),2015,62.1,,,,,,,,,,,,
A,Annuale,ITD4,Friuli-Venezia Giulia,CMARRGP_FROM2017,Matrimoni civili (%),2016,63.7,,,,,,,,,,,,
A,Annuale,ITD4,Friuli-Venezia Giulia,CMARRGP_FROM2017,Matrimoni civili (%),2017,64.9,,,,,,,,,,,,
A,Annuale,ITD4,Friuli-Venezia Giulia,CMARRGP_FROM2017,Matrimoni civili (%),2018,66.5,,,,,,,,,,,,
A,Annuale,ITD4,Friuli-Venezia Giulia,CMARRGP_FROM2017,Matrimoni civili (%),2019,71.8,,,,,,,,,,,,
A,Annuale,ITD4,Friuli-Venezia Giulia,CMARRGP_FROM2017,Matrimoni civili (%),2020,81.4,,,,,,,,,,,,
A,Annuale,ITD4,Friuli-Venezia Giulia,CMARRGP_FROM2017,Matrimoni civili (%),2021,71.5,,,,,,,,,,,,
A,Annuale,ITD4,Friuli-Venezia Giulia,CMARRGP_FROM2017,Matrimoni civili (%),2022,73,,,,,,,,,,,,
A,Annuale,ITD4,Friuli-Venezia Giulia,CMARRGP_FROM2017,Matrimoni civili (%),2023,75,,,,,,,,,,,,
A,Annuale,ITD4,Friuli-Venezia Giulia,NUPT_TOTM_FROM2017,Tasso di nuzialità  totale sposi-valori per mille,2004,458.4,,,,,,,,,,,,
A,Annuale,ITD4,Friuli-Venezia Giulia,NUPT_TOTM_FROM2017,Tasso di nuzialità  totale sposi-valori per mille,2005,458.6,,,,,,,,,,,,
A,Annuale,ITD4,Friuli-Venezia Giulia,NUPT_TOTM_FROM2017,Tasso di nuzialità  totale sposi-valori per mille,2006,444.7,,,,,,,,,,,,
A,Annuale,ITD4,Friuli-Venezia Giulia,NUPT_TOTM_FROM2017,Tasso di nuzialità  totale sposi-valori per mille,2007,451.1,,,,,,,,,,,,
A,Annuale,ITD4,Friuli-Venezia Giulia,NUPT_TOTM_FROM2017,Tasso di nuzialità  totale sposi-valori per mille,2008,425.9,,,,,,,,,,,,
A,Annuale,ITD4,Friuli-Venezia Giulia,NUPT_TOTM_FROM2017,Tasso di nuzialità  totale sposi-valori per mille,2009,407.8,,,,,,,,,,,,
A,Annuale,ITD4,Friuli-Venezia Giulia,NUPT_TOTM_FROM2017,Tasso di nuzialità  totale sposi-valori per mille,2010,406.4,,,,,,,,,,,,
A,Annuale,ITD4,Friuli-Venezia Giulia,NUPT_TOTM_FROM2017,Tasso di nuzialità  totale sposi-valori per mille,2011,374.8,,,,,,,,,,,,
A,Annuale,ITD4,Friuli-Venezia Giulia,NUPT_TOTM_FROM2017,Tasso di nuzialità  totale sposi-valori per mille,2012,409,,,,,,,,,,,,
A,Annuale,ITD4,Friuli-Venezia Giulia,NUPT_TOTM_FROM2017,Tasso di nuzialità  totale sposi-valori per mille,2013,376.2,,,,,,,,,,,,
A,Annuale,ITD4,Friuli-Venezia Giulia,NUPT_TOTM_FROM2017,Tasso di nuzialità  totale sposi-valori per mille,2014,384.9,,,,,,,,,,,,
A,Annuale,ITD4,Friuli-Venezia Giulia,NUPT_TOTM_FROM2017,Tasso di nuzialità  totale sposi-valori per mille,2015,393.5,,,,,,,,,,,,
A,Annuale,ITD4,Friuli-Venezia Giulia,NUPT_TOTM_FROM2017,Tasso di nuzialità  totale sposi-valori per mille,2016,391.3,,,,,,,,,,,,
A,Annuale,ITD4,Friuli-Venezia Giulia,NUPT_TOTM_FROM2017,Tasso di nuzialità  totale sposi-valori per mille,2017,359.1,,,,,,,,,,,,
A,Annuale,ITD4,Friuli-Venezia Giulia,NUPT_TOTM_FROM2017,Tasso di nuzialità  totale sposi-valori per mille,2018,367.3,,,,,,,,,,,,
A,Annuale,ITD4,Friuli-Venezia Giulia,NUPT_TOTM_FROM2017,Tasso di nuzialità  totale sposi-valori per mille,2019,352.4,,,,,,,,,,,,
A,Annuale,ITD4,Friuli-Venezia Giulia,NUPT_TOTM_FROM2017,Tasso di nuzialità  totale sposi-valori per mille,2020,201.4,,,,,,,,,,,,
A,Annuale,ITD4,Friuli-Venezia Giulia,NUPT_TOTM_FROM2017,Tasso di nuzialità  totale sposi-valori per mille,2021,322.2,,,,,,,,,,,,
A,Annuale,ITD4,Friuli-Venezia Giulia,NUPT_TOTM_FROM2017,Tasso di nuzialità  totale sposi-valori per mille,2022,363.5,,,,,,,,,,,,
A,Annuale,ITD4,Friuli-Venezia Giulia,NUPT_TOTM_FROM2017,Tasso di nuzialità  totale sposi-valori per mille,2023,347.1,e,Dato stimato,,,,,,,,,,
A,Annuale,ITD4,Friuli-Venezia Giulia,NUPT_TOTW_FROM2017,Tasso di nuzialità totale spose-valori per mille,2004,552.2,,,,,,,,,,,,
A,Annuale,ITD4,Friuli-Venezia Giulia,NUPT_TOTW_FROM2017,Tasso di nuzialità totale spose-valori per mille,2005,562,,,,,,,,,,,,
A,Annuale,ITD4,Friuli-Venezia Giulia,NUPT_TOTW_FROM2017,Tasso di nuzialità totale spose-valori per mille,2006,543.6,,,,,,,,,,,,
A,Annuale,ITD4,Friuli-Venezia Giulia,NUPT_TOTW_FROM2017,Tasso di nuzialità totale spose-valori per mille,2007,548.5,,,,,,,,,,,,
A,Annuale,ITD4,Friuli-Venezia Giulia,NUPT_TOTW_FROM2017,Tasso di nuzialità totale spose-valori per mille,2008,519.6,,,,,,,,,,,,
A,Annuale,ITD4,Friuli-Venezia Giulia,NUPT_TOTW_FROM2017,Tasso di nuzialità totale spose-valori per mille,2009,500.8,,,,,,,,,,,,
A,Annuale,ITD4,Friuli-Venezia Giulia,NUPT_TOTW_FROM2017,Tasso di nuzialità totale spose-valori per mille,2010,489.5,,,,,,,,,,,,
A,Annuale,ITD4,Friuli-Venezia Giulia,NUPT_TOTW_FROM2017,Tasso di nuzialità totale spose-valori per mille,2011,453.2,,,,,,,,,,,,
A,Annuale,ITD4,Friuli-Venezia Giulia,NUPT_TOTW_FROM2017,Tasso di nuzialità totale spose-valori per mille,2012,488.2,,,,,,,,,,,,
A,Annuale,ITD4,Friuli-Venezia Giulia,NUPT_TOTW_FROM2017,Tasso di nuzialità totale spose-valori per mille,2013,452.9,,,,,,,,,,,,
A,Annuale,ITD4,Friuli-Venezia Giulia,NUPT_TOTW_FROM2017,Tasso di nuzialità totale spose-valori per mille,2014,460.4,,,,,,,,,,,,
A,Annuale,ITD4,Friuli-Venezia Giulia,NUPT_TOTW_FROM2017,Tasso di nuzialità totale spose-valori per mille,2015,468.3,,,,,,,,,,,,
A,Annuale,ITD4,Friuli-Venezia Giulia,NUPT_TOTW_FROM2017,Tasso di nuzialità totale spose-valori per mille,2016,462.8,,,,,,,,,,,,
A,Annuale,ITD4,Friuli-Venezia Giulia,NUPT_TOTW_FROM2017,Tasso di nuzialità totale spose-valori per mille,2017,432.2,,,,,,,,,,,,
A,Annuale,ITD4,Friuli-Venezia Giulia,NUPT_TOTW_FROM2017,Tasso di nuzialità totale spose-valori per mille,2018,441.2,,,,,,,,,,,,
A,Annuale,ITD4,Friuli-Venezia Giulia,NUPT_TOTW_FROM2017,Tasso di nuzialità totale spose-valori per mille,2019,421.4,,,,,,,,,,,,
A,Annuale,ITD4,Friuli-Venezia Giulia,NUPT_TOTW_FROM2017,Tasso di nuzialità totale spose-valori per mille,2020,244.3,,,,,,,,,,,,
A,Annuale,ITD4,Friuli-Venezia Giulia,NUPT_TOTW_FROM2017,Tasso di nuzialità totale spose-valori per mille,2021,391.9,,,,,,,,,,,,
A,Annuale,ITD4,Friuli-Venezia Giulia,NUPT_TOTW_FROM2017,Tasso di nuzialità totale spose-valori per mille,2022,440.2,,,,,,,,,,,,
A,Annuale,ITD4,Friuli-Venezia Giulia,NUPT_TOTW_FROM2017,Tasso di nuzialità totale spose-valori per mille,2023,426.2,e,Dato stimato,,,,,,,,,,
A,Annuale,ITD4,Friuli-Venezia Giulia,MAGEMBRGR_FROM2017,Età  media al matrimonio sposi (tutte le età),2004,35.65,,,,,TIPO_DATO15__MAGEMBRGR_FROM2017_N1,'Età media delle spose, ponderata con i quozienti specifici di nuzialità.Per gli anni 2010-2016 si può cliccare sul Tipo dato e selezionare l"'indicatore corrispondente',,,,,,
A,Annuale,ITD4,Friuli-Venezia Giulia,MAGEMBRGR_FROM2017,Età  media al matrimonio sposi (tutte le età),2005,36.06,,,,,TIPO_DATO15__MAGEMBRGR_FROM2017_N1,'Età media delle spose, ponderata con i quozienti specifici di nuzialità.Per gli anni 2010-2016 si può cliccare sul Tipo dato e selezionare l"'indicatore corrispondente',,,,,,
A,Annuale,ITD4,Friuli-Venezia Giulia,MAGEMBRGR_FROM2017,Età  media al matrimonio sposi (tutte le età),2006,36.27,,,,,TIPO_DATO15__MAGEMBRGR_FROM2017_N1,'Età media delle spose, ponderata con i quozienti specifici di nuzialità.Per gli anni 2010-2016 si può cliccare sul Tipo dato e selezionare l"'indicatore corrispondente',,,,,,
A,Annuale,ITD4,Friuli-Venezia Giulia,MAGEMBRGR_FROM2017,Età  media al matrimonio sposi (tutte le età),2007,36.97,,,,,TIPO_DATO15__MAGEMBRGR_FROM2017_N1,'Età media delle spose, ponderata con i quozienti specifici di nuzialità.Per gli anni 2010-2016 si può cliccare sul Tipo dato e selezionare l"'indicatore corrispondente',,,,,,
A,Annuale,ITD4,Friuli-Venezia Giulia,MAGEMBRGR_FROM2017,Età  media al matrimonio sposi (tutte le età),2008,36.94,,,,,TIPO_DATO15__MAGEMBRGR_FROM2017_N1,'Età media delle spose, ponderata con i quozienti specifici di nuzialità.Per gli anni 2010-2016 si può cliccare sul Tipo dato e selezionare l"'indicatore corrispondente',,,,,,
A,Annuale,ITD4,Friuli-Venezia Giulia,MAGEMBRGR_FROM2017,Età  media al matrimonio sposi (tutte le età),2009,37.62,,,,,TIPO_DATO15__MAGEMBRGR_FROM2017_N1,'Età media delle spose, ponderata con i quozienti specifici di nuzialità.Per gli anni 2010-2016 si può cliccare sul Tipo dato e selezionare l"'indicatore corrispondente',,,,,,
A,Annuale,ITD4,Friuli-Venezia Giulia,MAGEMBRGR_FROM2017,Età  media al matrimonio sposi (tutte le età),2010,37.62,,,,,TIPO_DATO15__MAGEMBRGR_FROM2017_N1,'Età media delle spose, ponderata con i quozienti specifici di nuzialità.Per gli anni 2010-2016 si può cliccare sul Tipo dato e selezionare l"'indicatore corrispondente',,,,,,
A,Annuale,ITD4,Friuli-Venezia Giulia,MAGEMBRGR_FROM2017,Età  media al matrimonio sposi (tutte le età),2011,38.49,,,,,TIPO_DATO15__MAGEMBRGR_FROM2017_N1,'Età media delle spose, ponderata con i quozienti specifici di nuzialità.Per gli anni 2010-2016 si può cliccare sul Tipo dato e selezionare l"'indicatore corrispondente',,,,,,
A,Annuale,ITD4,Friuli-Venezia Giulia,MAGEMBRGR_FROM2017,Età  media al matrimonio sposi (tutte le età),2012,38.45,,,,,TIPO_DATO15__MAGEMBRGR_FROM2017_N1,'Età media delle spose, ponderata con i quozienti specifici di nuzialità.Per gli anni 2010-2016 si può cliccare sul Tipo dato e selezionare l"'indicatore corrispondente',,,,,,
A,Annuale,ITD4,Friuli-Venezia Giulia,MAGEMBRGR_FROM2017,Età  media al matrimonio sposi (tutte le età),2013,38.48,,,,,TIPO_DATO15__MAGEMBRGR_FROM2017_N1,'Età media delle spose, ponderata con i quozienti specifici di nuzialità.Per gli anni 2010-2016 si può cliccare sul Tipo dato e selezionare l"'indicatore corrispondente',,,,,,
A,Annuale,ITD4,Friuli-Venezia Giulia,MAGEMBRGR_FROM2017,Età  media al matrimonio sposi (tutte le età),2014,38.6,,,,,TIPO_DATO15__MAGEMBRGR_FROM2017_N1,'Età media delle spose, ponderata con i quozienti specifici di nuzialità.Per gli anni 2010-2016 si può cliccare sul Tipo dato e selezionare l"'indicatore corrispondente',,,,,,
A,Annuale,ITD4,Friuli-Venezia Giulia,MAGEMBRGR_FROM2017,Età  media al matrimonio sposi (tutte le età),2015,39.35,,,,,TIPO_DATO15__MAGEMBRGR_FROM2017_N1,'Età media delle spose, ponderata con i quozienti specifici di nuzialità.Per gli anni 2010-2016 si può cliccare sul Tipo dato e selezionare l"'indicatore corrispondente',,,,,,
A,Annuale,ITD4,Friuli-Venezia Giulia,MAGEMBRGR_FROM2017,Età  media al matrimonio sposi (tutte le età),2016,39.98,,,,,TIPO_DATO15__MAGEMBRGR_FROM2017_N1,'Età media delle spose, ponderata con i quozienti specifici di nuzialità.Per gli anni 2010-2016 si può cliccare sul Tipo dato e selezionare l"'indicatore corrispondente',,,,,,
A,Annuale,ITD4,Friuli-Venezia Giulia,MAGEMBRGR_FROM2017,Età  media al matrimonio sposi (tutte le età),2017,40.48,,,,,TIPO_DATO15__MAGEMBRGR_FROM2017_N1,'Età media delle spose, ponderata con i quozienti specifici di nuzialità.Per gli anni 2010-2016 si può cliccare sul Tipo dato e selezionare l"'indicatore corrispondente',,,,,,
A,Annuale,ITD4,Friuli-Venezia Giulia,MAGEMBRGR_FROM2017,Età  media al matrimonio sposi (tutte le età),2018,40.95,,,,,TIPO_DATO15__MAGEMBRGR_FROM2017_N1,'Età media delle spose, ponderata con i quozienti specifici di nuzialità.Per gli anni 2010-2016 si può cliccare sul Tipo dato e selezionare l"'indicatore corrispondente',,,,,,
A,Annuale,ITD4,Friuli-Venezia Giulia,MAGEMBRGR_FROM2017,Età  media al matrimonio sposi (tutte le età),2019,41.02,,,,,TIPO_DATO15__MAGEMBRGR_FROM2017_N1,'Età media delle spose, ponderata con i quozienti specifici di nuzialità.Per gli anni 2010-2016 si può cliccare sul Tipo dato e selezionare l"'indicatore corrispondente',,,,,,
A,Annuale,ITD4,Friuli-Venezia Giulia,MAGEMBRGR_FROM2017,Età  media al matrimonio sposi (tutte le età),2020,43.94,,,,,TIPO_DATO15__MAGEMBRGR_FROM2017_N1,'Età media delle spose, ponderata con i quozienti specifici di nuzialità.Per gli anni 2010-2016 si può cliccare sul Tipo dato e selezionare l"'indicatore corrispondente',,,,,,
A,Annuale,ITD4,Friuli-Venezia Giulia,MAGEMBRGR_FROM2017,Età  media al matrimonio sposi (tutte le età),2021,41.97,,,,,TIPO_DATO15__MAGEMBRGR_FROM2017_N1,'Età media delle spose, ponderata con i quozienti specifici di nuzialità.Per gli anni 2010-2016 si può cliccare sul Tipo dato e selezionare l"'indicatore corrispondente',,,,,,
A,Annuale,ITD4,Friuli-Venezia Giulia,MAGEMBRGR_FROM2017,Età  media al matrimonio sposi (tutte le età),2022,41.57,,,,,TIPO_DATO15__MAGEMBRGR_FROM2017_N1,'Età media delle spose, ponderata con i quozienti specifici di nuzialità.Per gli anni 2010-2016 si può cliccare sul Tipo dato e selezionare l"'indicatore corrispondente',,,,,,
A,Annuale,ITD4,Friuli-Venezia Giulia,MAGEMBRGR_FROM2017,Età  media al matrimonio sposi (tutte le età),2023,42.63,e,Dato stimato,,,TIPO_DATO15__MAGEMBRGR_FROM2017_N1,'Età media delle spose, ponderata con i quozienti specifici di nuzialità.Per gli anni 2010-2016 si può cliccare sul Tipo dato e selezionare l"'indicatore corrispondente',,,,,,
A,Annuale,ITD4,Friuli-Venezia Giulia,MAGEMBR_FROM2017,Età  media al matrimonio spose (tutte le età),2004,31.1,,,,,TIPO_DATO15__MAGEMBR_FROM2017_N1,'Età media delle spose, ponderata con i quozienti specifici di nuzialità.Per gli anni 2010-2016 si può cliccare sul Tipo dato e selezionare l"'indicatore corrispondente',,,,,,
A,Annuale,ITD4,Friuli-Venezia Giulia,MAGEMBR_FROM2017,Età  media al matrimonio spose (tutte le età),2005,31.41,,,,,TIPO_DATO15__MAGEMBR_FROM2017_N1,'Età media delle spose, ponderata con i quozienti specifici di nuzialità.Per gli anni 2010-2016 si può cliccare sul Tipo dato e selezionare l"'indicatore corrispondente',,,,,,
A,Annuale,ITD4,Friuli-Venezia Giulia,MAGEMBR_FROM2017,Età  media al matrimonio spose (tutte le età),2006,31.61,,,,,TIPO_DATO15__MAGEMBR_FROM2017_N1,'Età media delle spose, ponderata con i quozienti specifici di nuzialità.Per gli anni 2010-2016 si può cliccare sul Tipo dato e selezionare l"'indicatore corrispondente',,,,,,
A,Annuale,ITD4,Friuli-Venezia Giulia,MAGEMBR_FROM2017,Età  media al matrimonio spose (tutte le età),2007,32.11,,,,,TIPO_DATO15__MAGEMBR_FROM2017_N1,'Età media delle spose, ponderata con i quozienti specifici di nuzialità.Per gli anni 2010-2016 si può cliccare sul Tipo dato e selezionare l"'indicatore corrispondente',,,,,,
A,Annuale,ITD4,Friuli-Venezia Giulia,MAGEMBR_FROM2017,Età  media al matrimonio spose (tutte le età),2008,32.44,,,,,TIPO_DATO15__MAGEMBR_FROM2017_N1,'Età media delle spose, ponderata con i quozienti specifici di nuzialità.Per gli anni 2010-2016 si può cliccare sul Tipo dato e selezionare l"'indicatore corrispondente',,,,,,
A,Annuale,ITD4,Friuli-Venezia Giulia,MAGEMBR_FROM2017,Età  media al matrimonio spose (tutte le età),2009,32.92,,,,,TIPO_DATO15__MAGEMBR_FROM2017_N1,'Età media delle spose, ponderata con i quozienti specifici di nuzialità.Per gli anni 2010-2016 si può cliccare sul Tipo dato e selezionare l"'indicatore corrispondente',,,,,,
A,Annuale,ITD4,Friuli-Venezia Giulia,MAGEMBR_FROM2017,Età  media al matrimonio spose (tutte le età),2010,33.09,,,,,TIPO_DATO15__MAGEMBR_FROM2017_N1,'Età media delle spose, ponderata con i quozienti specifici di nuzialità.Per gli anni 2010-2016 si può cliccare sul Tipo dato e selezionare l"'indicatore corrispondente',,,,,,
A,Annuale,ITD4,Friuli-Venezia Giulia,MAGEMBR_FROM2017,Età  media al matrimonio spose (tutte le età),2011,33.56,,,,,TIPO_DATO15__MAGEMBR_FROM2017_N1,'Età media delle spose, ponderata con i quozienti specifici di nuzialità.Per gli anni 2010-2016 si può cliccare sul Tipo dato e selezionare l"'indicatore corrispondente',,,,,,
A,Annuale,ITD4,Friuli-Venezia Giulia,MAGEMBR_FROM2017,Età  media al matrimonio spose (tutte le età),2012,33.61,,,,,TIPO_DATO15__MAGEMBR_FROM2017_N1,'Età media delle spose, ponderata con i quozienti specifici di nuzialità.Per gli anni 2010-2016 si può cliccare sul Tipo dato e selezionare l"'indicatore corrispondente',,,,,,
A,Annuale,ITD4,Friuli-Venezia Giulia,MAGEMBR_FROM2017,Età  media al matrimonio spose (tutte le età),2013,34.07,,,,,TIPO_DATO15__MAGEMBR_FROM2017_N1,'Età media delle spose, ponderata con i quozienti specifici di nuzialità.Per gli anni 2010-2016 si può cliccare sul Tipo dato e selezionare l"'indicatore corrispondente',,,,,,
A,Annuale,ITD4,Friuli-Venezia Giulia,MAGEMBR_FROM2017,Età  media al matrimonio spose (tutte le età),2014,34.17,,,,,TIPO_DATO15__MAGEMBR_FROM2017_N1,'Età media delle spose, ponderata con i quozienti specifici di nuzialità.Per gli anni 2010-2016 si può cliccare sul Tipo dato e selezionare l"'indicatore corrispondente',,,,,,
A,Annuale,ITD4,Friuli-Venezia Giulia,MAGEMBR_FROM2017,Età  media al matrimonio spose (tutte le età),2015,34.7,,,,,TIPO_DATO15__MAGEMBR_FROM2017_N1,'Età media delle spose, ponderata con i quozienti specifici di nuzialità.Per gli anni 2010-2016 si può cliccare sul Tipo dato e selezionare l"'indicatore corrispondente',,,,,,
A,Annuale,ITD4,Friuli-Venezia Giulia,MAGEMBR_FROM2017,Età  media al matrimonio spose (tutte le età),2016,35.41,,,,,TIPO_DATO15__MAGEMBR_FROM2017_N1,'Età media delle spose, ponderata con i quozienti specifici di nuzialità.Per gli anni 2010-2016 si può cliccare sul Tipo dato e selezionare l"'indicatore corrispondente',,,,,,
A,Annuale,ITD4,Friuli-Venezia Giulia,MAGEMBR_FROM2017,Età  media al matrimonio spose (tutte le età),2017,35.8,,,,,TIPO_DATO15__MAGEMBR_FROM2017_N1,'Età media delle spose, ponderata con i quozienti specifici di nuzialità.Per gli anni 2010-2016 si può cliccare sul Tipo dato e selezionare l"'indicatore corrispondente',,,,,,
A,Annuale,ITD4,Friuli-Venezia Giulia,MAGEMBR_FROM2017,Età  media al matrimonio spose (tutte le età),2018,35.99,,,,,TIPO_DATO15__MAGEMBR_FROM2017_N1,'Età media delle spose, ponderata con i quozienti specifici di nuzialità.Per gli anni 2010-2016 si può cliccare sul Tipo dato e selezionare l"'indicatore corrispondente',,,,,,
A,Annuale,ITD4,Friuli-Venezia Giulia,MAGEMBR_FROM2017,Età  media al matrimonio spose (tutte le età),2019,36.43,,,,,TIPO_DATO15__MAGEMBR_FROM2017_N1,'Età media delle spose, ponderata con i quozienti specifici di nuzialità.Per gli anni 2010-2016 si può cliccare sul Tipo dato e selezionare l"'indicatore corrispondente',,,,,,
A,Annuale,ITD4,Friuli-Venezia Giulia,MAGEMBR_FROM2017,Età  media al matrimonio spose (tutte le età),2020,37.99,,,,,TIPO_DATO15__MAGEMBR_FROM2017_N1,'Età media delle spose, ponderata con i quozienti specifici di nuzialità.Per gli anni 2010-2016 si può cliccare sul Tipo dato e selezionare l"'indicatore corrispondente',,,,,,
A,Annuale,ITD4,Friuli-Venezia Giulia,MAGEMBR_FROM2017,Età  media al matrimonio spose (tutte le età),2021,37.17,,,,,TIPO_DATO15__MAGEMBR_FROM2017_N1,'Età media delle spose, ponderata con i quozienti specifici di nuzialità.Per gli anni 2010-2016 si può cliccare sul Tipo dato e selezionare l"'indicatore corrispondente',,,,,,
A,Annuale,ITD4,Friuli-Venezia Giulia,MAGEMBR_FROM2017,Età  media al matrimonio spose (tutte le età),2022,37.32,,,,,TIPO_DATO15__MAGEMBR_FROM2017_N1,'Età media delle spose, ponderata con i quozienti specifici di nuzialità.Per gli anni 2010-2016 si può cliccare sul Tipo dato e selezionare l"'indicatore corrispondente',,,,,,
A,Annuale,ITD4,Friuli-Venezia Giulia,MAGEMBR_FROM2017,Età  media al matrimonio spose (tutte le età),2023,37.96,e,Dato stimato,,,TIPO_DATO15__MAGEMBR_FROM2017_N1,'Età media delle spose, ponderata con i quozienti specifici di nuzialità.Per gli anni 2010-2016 si può cliccare sul Tipo dato e selezionare l"'indicatore corrispondente',,,,,,
A,Annuale,ITD5,Emilia-Romagna,CMARRGP_FROM2017,Matrimoni civili (%),2004,44.6,,,,,,,,,,,,
A,Annuale,ITD5,Emilia-Romagna,CMARRGP_FROM2017,Matrimoni civili (%),2005,47,,,,,,,,,,,,
A,Annuale,ITD5,Emilia-Romagna,CMARRGP_FROM2017,Matrimoni civili (%),2006,48,,,,,,,,,,,,
A,Annuale,ITD5,Emilia-Romagna,CMARRGP_FROM2017,Matrimoni civili (%),2007,49.9,,,,,,,,,,,,
A,Annuale,ITD5,Emilia-Romagna,CMARRGP_FROM2017,Matrimoni civili (%),2008,52.4,,,,,,,,,,,,
A,Annuale,ITD5,Emilia-Romagna,CMARRGP_FROM2017,Matrimoni civili (%),2009,53.6,,,,,,,,,,,,
A,Annuale,ITD5,Emilia-Romagna,CMARRGP_FROM2017,Matrimoni civili (%),2010,52.4,,,,,,,,,,,,
A,Annuale,ITD5,Emilia-Romagna,CMARRGP_FROM2017,Matrimoni civili (%),2011,54.8,,,,,,,,,,,,
A,Annuale,ITD5,Emilia-Romagna,CMARRGP_FROM2017,Matrimoni civili (%),2012,56.8,,,,,,,,,,,,
A,Annuale,ITD5,Emilia-Romagna,CMARRGP_FROM2017,Matrimoni civili (%),2013,58.8,,,,,,,,,,,,
A,Annuale,ITD5,Emilia-Romagna,CMARRGP_FROM2017,Matrimoni civili (%),2014,59.6,,,,,,,,,,,,
A,Annuale,ITD5,Emilia-Romagna,CMARRGP_FROM2017,Matrimoni civili (%),2015,61.3,,,,,,,,,,,,
A,Annuale,ITD5,Emilia-Romagna,CMARRGP_FROM2017,Matrimoni civili (%),2016,62.6,,,,,,,,,,,,
A,Annuale,ITD5,Emilia-Romagna,CMARRGP_FROM2017,Matrimoni civili (%),2017,65.7,,,,,,,,,,,,
A,Annuale,ITD5,Emilia-Romagna,CMARRGP_FROM2017,Matrimoni civili (%),2018,67.5,,,,,,,,,,,,
A,Annuale,ITD5,Emilia-Romagna,CMARRGP_FROM2017,Matrimoni civili (%),2019,69.7,,,,,,,,,,,,
A,Annuale,ITD5,Emilia-Romagna,CMARRGP_FROM2017,Matrimoni civili (%),2020,80.4,,,,,,,,,,,,
A,Annuale,ITD5,Emilia-Romagna,CMARRGP_FROM2017,Matrimoni civili (%),2021,70.7,,,,,,,,,,,,
A,Annuale,ITD5,Emilia-Romagna,CMARRGP_FROM2017,Matrimoni civili (%),2022,72.9,,,,,,,,,,,,
A,Annuale,ITD5,Emilia-Romagna,CMARRGP_FROM2017,Matrimoni civili (%),2023,74.9,,,,,,,,,,,,
A,Annuale,ITD5,Emilia-Romagna,NUPT_TOTM_FROM2017,Tasso di nuzialità  totale sposi-valori per mille,2004,419.9,,,,,,,,,,,,
A,Annuale,ITD5,Emilia-Romagna,NUPT_TOTM_FROM2017,Tasso di nuzialità  totale sposi-valori per mille,2005,427.2,,,,,,,,,,,,
A,Annuale,ITD5,Emilia-Romagna,NUPT_TOTM_FROM2017,Tasso di nuzialità  totale sposi-valori per mille,2006,435,,,,,,,,,,,,
A,Annuale,ITD5,Emilia-Romagna,NUPT_TOTM_FROM2017,Tasso di nuzialità  totale sposi-valori per mille,2007,452.1,,,,,,,,,,,,
A,Annuale,ITD5,Emilia-Romagna,NUPT_TOTM_FROM2017,Tasso di nuzialità  totale sposi-valori per mille,2008,446.1,,,,,,,,,,,,
A,Annuale,ITD5,Emilia-Romagna,NUPT_TOTM_FROM2017,Tasso di nuzialità  totale sposi-valori per mille,2009,416.1,,,,,,,,,,,,
A,Annuale,ITD5,Emilia-Romagna,NUPT_TOTM_FROM2017,Tasso di nuzialità  totale sposi-valori per mille,2010,388.4,,,,,,,,,,,,
A,Annuale,ITD5,Emilia-Romagna,NUPT_TOTM_FROM2017,Tasso di nuzialità  totale sposi-valori per mille,2011,373.4,,,,,,,,,,,,
A,Annuale,ITD5,Emilia-Romagna,NUPT_TOTM_FROM2017,Tasso di nuzialità  totale sposi-valori per mille,2012,378.6,,,,,,,,,,,,
A,Annuale,ITD5,Emilia-Romagna,NUPT_TOTM_FROM2017,Tasso di nuzialità  totale sposi-valori per mille,2013,353.2,,,,,,,,,,,,
A,Annuale,ITD5,Emilia-Romagna,NUPT_TOTM_FROM2017,Tasso di nuzialità  totale sposi-valori per mille,2014,350.1,,,,,,,,,,,,
A,Annuale,ITD5,Emilia-Romagna,NUPT_TOTM_FROM2017,Tasso di nuzialità  totale sposi-valori per mille,2015,363,,,,,,,,,,,,
A,Annuale,ITD5,Emilia-Romagna,NUPT_TOTM_FROM2017,Tasso di nuzialità  totale sposi-valori per mille,2016,377.4,,,,,,,,,,,,
A,Annuale,ITD5,Emilia-Romagna,NUPT_TOTM_FROM2017,Tasso di nuzialità  totale sposi-valori per mille,2017,350,,,,,,,,,,,,
A,Annuale,ITD5,Emilia-Romagna,NUPT_TOTM_FROM2017,Tasso di nuzialità  totale sposi-valori per mille,2018,355.5,,,,,,,,,,,,
A,Annuale,ITD5,Emilia-Romagna,NUPT_TOTM_FROM2017,Tasso di nuzialità  totale sposi-valori per mille,2019,341.7,,,,,,,,,,,,
A,Annuale,ITD5,Emilia-Romagna,NUPT_TOTM_FROM2017,Tasso di nuzialità  totale sposi-valori per mille,2020,193.2,,,,,,,,,,,,
A,Annuale,ITD5,Emilia-Romagna,NUPT_TOTM_FROM2017,Tasso di nuzialità  totale sposi-valori per mille,2021,327.7,,,,,,,,,,,,
A,Annuale,ITD5,Emilia-Romagna,NUPT_TOTM_FROM2017,Tasso di nuzialità  totale sposi-valori per mille,2022,354.7,,,,,,,,,,,,
A,Annuale,ITD5,Emilia-Romagna,NUPT_TOTM_FROM2017,Tasso di nuzialità  totale sposi-valori per mille,2023,342.8,e,Dato stimato,,,,,,,,,,
A,Annuale,ITD5,Emilia-Romagna,NUPT_TOTW_FROM2017,Tasso di nuzialità totale spose-valori per mille,2004,495.4,,,,,,,,,,,,
A,Annuale,ITD5,Emilia-Romagna,NUPT_TOTW_FROM2017,Tasso di nuzialità totale spose-valori per mille,2005,506.3,,,,,,,,,,,,
A,Annuale,ITD5,Emilia-Romagna,NUPT_TOTW_FROM2017,Tasso di nuzialità totale spose-valori per mille,2006,516.4,,,,,,,,,,,,
A,Annuale,ITD5,Emilia-Romagna,NUPT_TOTW_FROM2017,Tasso di nuzialità totale spose-valori per mille,2007,530.9,,,,,,,,,,,,
A,Annuale,ITD5,Emilia-Romagna,NUPT_TOTW_FROM2017,Tasso di nuzialità totale spose-valori per mille,2008,522.9,,,,,,,,,,,,
A,Annuale,ITD5,Emilia-Romagna,NUPT_TOTW_FROM2017,Tasso di nuzialità totale spose-valori per mille,2009,483.1,,,,,,,,,,,,
A,Annuale,ITD5,Emilia-Romagna,NUPT_TOTW_FROM2017,Tasso di nuzialità totale spose-valori per mille,2010,447.4,,,,,,,,,,,,
A,Annuale,ITD5,Emilia-Romagna,NUPT_TOTW_FROM2017,Tasso di nuzialità totale spose-valori per mille,2011,427.6,,,,,,,,,,,,
A,Annuale,ITD5,Emilia-Romagna,NUPT_TOTW_FROM2017,Tasso di nuzialità totale spose-valori per mille,2012,436.1,,,,,,,,,,,,
A,Annuale,ITD5,Emilia-Romagna,NUPT_TOTW_FROM2017,Tasso di nuzialità totale spose-valori per mille,2013,407,,,,,,,,,,,,
A,Annuale,ITD5,Emilia-Romagna,NUPT_TOTW_FROM2017,Tasso di nuzialità totale spose-valori per mille,2014,405.3,,,,,,,,,,,,
A,Annuale,ITD5,Emilia-Romagna,NUPT_TOTW_FROM2017,Tasso di nuzialità totale spose-valori per mille,2015,421.8,,,,,,,,,,,,
A,Annuale,ITD5,Emilia-Romagna,NUPT_TOTW_FROM2017,Tasso di nuzialità totale spose-valori per mille,2016,436.4,,,,,,,,,,,,
A,Annuale,ITD5,Emilia-Romagna,NUPT_TOTW_FROM2017,Tasso di nuzialità totale spose-valori per mille,2017,407.8,,,,,,,,,,,,
A,Annuale,ITD5,Emilia-Romagna,NUPT_TOTW_FROM2017,Tasso di nuzialità totale spose-valori per mille,2018,414.4,,,,,,,,,,,,
A,Annuale,ITD5,Emilia-Romagna,NUPT_TOTW_FROM2017,Tasso di nuzialità totale spose-valori per mille,2019,401.1,,,,,,,,,,,,
A,Annuale,ITD5,Emilia-Romagna,NUPT_TOTW_FROM2017,Tasso di nuzialità totale spose-valori per mille,2020,231.3,,,,,,,,,,,,
A,Annuale,ITD5,Emilia-Romagna,NUPT_TOTW_FROM2017,Tasso di nuzialità totale spose-valori per mille,2021,384.4,,,,,,,,,,,,
A,Annuale,ITD5,Emilia-Romagna,NUPT_TOTW_FROM2017,Tasso di nuzialità totale spose-valori per mille,2022,420.9,,,,,,,,,,,,
A,Annuale,ITD5,Emilia-Romagna,NUPT_TOTW_FROM2017,Tasso di nuzialità totale spose-valori per mille,2023,407.2,e,Dato stimato,,,,,,,,,,
A,Annuale,ITD5,Emilia-Romagna,MAGEMBRGR_FROM2017,Età  media al matrimonio sposi (tutte le età),2004,35.71,,,,,TIPO_DATO15__MAGEMBRGR_FROM2017_N1,'Età media delle spose, ponderata con i quozienti specifici di nuzialità.Per gli anni 2010-2016 si può cliccare sul Tipo dato e selezionare l"'indicatore corrispondente',,,,,,
A,Annuale,ITD5,Emilia-Romagna,MAGEMBRGR_FROM2017,Età  media al matrimonio sposi (tutte le età),2005,36.11,,,,,TIPO_DATO15__MAGEMBRGR_FROM2017_N1,'Età media delle spose, ponderata con i quozienti specifici di nuzialità.Per gli anni 2010-2016 si può cliccare sul Tipo dato e selezionare l"'indicatore corrispondente',,,,,,
A,Annuale,ITD5,Emilia-Romagna,MAGEMBRGR_FROM2017,Età  media al matrimonio sposi (tutte le età),2006,36.48,,,,,TIPO_DATO15__MAGEMBRGR_FROM2017_N1,'Età media delle spose, ponderata con i quozienti specifici di nuzialità.Per gli anni 2010-2016 si può cliccare sul Tipo dato e selezionare l"'indicatore corrispondente',,,,,,
A,Annuale,ITD5,Emilia-Romagna,MAGEMBRGR_FROM2017,Età  media al matrimonio sposi (tutte le età),2007,36.76,,,,,TIPO_DATO15__MAGEMBRGR_FROM2017_N1,'Età media delle spose, ponderata con i quozienti specifici di nuzialità.Per gli anni 2010-2016 si può cliccare sul Tipo dato e selezionare l"'indicatore corrispondente',,,,,,
A,Annuale,ITD5,Emilia-Romagna,MAGEMBRGR_FROM2017,Età  media al matrimonio sposi (tutte le età),2008,36.9,,,,,TIPO_DATO15__MAGEMBRGR_FROM2017_N1,'Età media delle spose, ponderata con i quozienti specifici di nuzialità.Per gli anni 2010-2016 si può cliccare sul Tipo dato e selezionare l"'indicatore corrispondente',,,,,,
A,Annuale,ITD5,Emilia-Romagna,MAGEMBRGR_FROM2017,Età  media al matrimonio sposi (tutte le età),2009,37.47,,,,,TIPO_DATO15__MAGEMBRGR_FROM2017_N1,'Età media delle spose, ponderata con i quozienti specifici di nuzialità.Per gli anni 2010-2016 si può cliccare sul Tipo dato e selezionare l"'indicatore corrispondente',,,,,,
A,Annuale,ITD5,Emilia-Romagna,MAGEMBRGR_FROM2017,Età  media al matrimonio sposi (tutte le età),2010,37.9,,,,,TIPO_DATO15__MAGEMBRGR_FROM2017_N1,'Età media delle spose, ponderata con i quozienti specifici di nuzialità.Per gli anni 2010-2016 si può cliccare sul Tipo dato e selezionare l"'indicatore corrispondente',,,,,,
A,Annuale,ITD5,Emilia-Romagna,MAGEMBRGR_FROM2017,Età  media al matrimonio sposi (tutte le età),2011,38.14,,,,,TIPO_DATO15__MAGEMBRGR_FROM2017_N1,'Età media delle spose, ponderata con i quozienti specifici di nuzialità.Per gli anni 2010-2016 si può cliccare sul Tipo dato e selezionare l"'indicatore corrispondente',,,,,,
A,Annuale,ITD5,Emilia-Romagna,MAGEMBRGR_FROM2017,Età  media al matrimonio sposi (tutte le età),2012,38.37,,,,,TIPO_DATO15__MAGEMBRGR_FROM2017_N1,'Età media delle spose, ponderata con i quozienti specifici di nuzialità.Per gli anni 2010-2016 si può cliccare sul Tipo dato e selezionare l"'indicatore corrispondente',,,,,,
A,Annuale,ITD5,Emilia-Romagna,MAGEMBRGR_FROM2017,Età  media al matrimonio sposi (tutte le età),2013,38.67,,,,,TIPO_DATO15__MAGEMBRGR_FROM2017_N1,'Età media delle spose, ponderata con i quozienti specifici di nuzialità.Per gli anni 2010-2016 si può cliccare sul Tipo dato e selezionare l"'indicatore corrispondente',,,,,,
A,Annuale,ITD5,Emilia-Romagna,MAGEMBRGR_FROM2017,Età  media al matrimonio sposi (tutte le età),2014,39.11,,,,,TIPO_DATO15__MAGEMBRGR_FROM2017_N1,'Età media delle spose, ponderata con i quozienti specifici di nuzialità.Per gli anni 2010-2016 si può cliccare sul Tipo dato e selezionare l"'indicatore corrispondente',,,,,,
A,Annuale,ITD5,Emilia-Romagna,MAGEMBRGR_FROM2017,Età  media al matrimonio sposi (tutte le età),2015,39.61,,,,,TIPO_DATO15__MAGEMBRGR_FROM2017_N1,'Età media delle spose, ponderata con i quozienti specifici di nuzialità.Per gli anni 2010-2016 si può cliccare sul Tipo dato e selezionare l"'indicatore corrispondente',,,,,,
A,Annuale,ITD5,Emilia-Romagna,MAGEMBRGR_FROM2017,Età  media al matrimonio sposi (tutte le età),2016,39.92,,,,,TIPO_DATO15__MAGEMBRGR_FROM2017_N1,'Età media delle spose, ponderata con i quozienti specifici di nuzialità.Per gli anni 2010-2016 si può cliccare sul Tipo dato e selezionare l"'indicatore corrispondente',,,,,,
A,Annuale,ITD5,Emilia-Romagna,MAGEMBRGR_FROM2017,Età  media al matrimonio sposi (tutte le età),2017,40.45,,,,,TIPO_DATO15__MAGEMBRGR_FROM2017_N1,'Età media delle spose, ponderata con i quozienti specifici di nuzialità.Per gli anni 2010-2016 si può cliccare sul Tipo dato e selezionare l"'indicatore corrispondente',,,,,,
A,Annuale,ITD5,Emilia-Romagna,MAGEMBRGR_FROM2017,Età  media al matrimonio sposi (tutte le età),2018,40.65,,,,,TIPO_DATO15__MAGEMBRGR_FROM2017_N1,'Età media delle spose, ponderata con i quozienti specifici di nuzialità.Per gli anni 2010-2016 si può cliccare sul Tipo dato e selezionare l"'indicatore corrispondente',,,,,,
A,Annuale,ITD5,Emilia-Romagna,MAGEMBRGR_FROM2017,Età  media al matrimonio sposi (tutte le età),2019,41.61,,,,,TIPO_DATO15__MAGEMBRGR_FROM2017_N1,'Età media delle spose, ponderata con i quozienti specifici di nuzialità.Per gli anni 2010-2016 si può cliccare sul Tipo dato e selezionare l"'indicatore corrispondente',,,,,,
A,Annuale,ITD5,Emilia-Romagna,MAGEMBRGR_FROM2017,Età  media al matrimonio sposi (tutte le età),2020,43.54,,,,,TIPO_DATO15__MAGEMBRGR_FROM2017_N1,'Età media delle spose, ponderata con i quozienti specifici di nuzialità.Per gli anni 2010-2016 si può cliccare sul Tipo dato e selezionare l"'indicatore corrispondente',,,,,,
A,Annuale,ITD5,Emilia-Romagna,MAGEMBRGR_FROM2017,Età  media al matrimonio sposi (tutte le età),2021,41.9,,,,,TIPO_DATO15__MAGEMBRGR_FROM2017_N1,'Età media delle spose, ponderata con i quozienti specifici di nuzialità.Per gli anni 2010-2016 si può cliccare sul Tipo dato e selezionare l"'indicatore corrispondente',,,,,,
A,Annuale,ITD5,Emilia-Romagna,MAGEMBRGR_FROM2017,Età  media al matrimonio sposi (tutte le età),2022,42.73,,,,,TIPO_DATO15__MAGEMBRGR_FROM2017_N1,'Età media delle spose, ponderata con i quozienti specifici di nuzialità.Per gli anni 2010-2016 si può cliccare sul Tipo dato e selezionare l"'indicatore corrispondente',,,,,,
A,Annuale,ITD5,Emilia-Romagna,MAGEMBRGR_FROM2017,Età  media al matrimonio sposi (tutte le età),2023,43.65,e,Dato stimato,,,TIPO_DATO15__MAGEMBRGR_FROM2017_N1,'Età media delle spose, ponderata con i quozienti specifici di nuzialità.Per gli anni 2010-2016 si può cliccare sul Tipo dato e selezionare l"'indicatore corrispondente',,,,,,
A,Annuale,ITD5,Emilia-Romagna,MAGEMBR_FROM2017,Età  media al matrimonio spose (tutte le età),2004,31.2,,,,,TIPO_DATO15__MAGEMBR_FROM2017_N1,'Età media delle spose, ponderata con i quozienti specifici di nuzialità.Per gli anni 2010-2016 si può cliccare sul Tipo dato e selezionare l"'indicatore corrispondente',,,,,,
A,Annuale,ITD5,Emilia-Romagna,MAGEMBR_FROM2017,Età  media al matrimonio spose (tutte le età),2005,31.49,,,,,TIPO_DATO15__MAGEMBR_FROM2017_N1,'Età media delle spose, ponderata con i quozienti specifici di nuzialità.Per gli anni 2010-2016 si può cliccare sul Tipo dato e selezionare l"'indicatore corrispondente',,,,,,
A,Annuale,ITD5,Emilia-Romagna,MAGEMBR_FROM2017,Età  media al matrimonio spose (tutte le età),2006,31.81,,,,,TIPO_DATO15__MAGEMBR_FROM2017_N1,'Età media delle spose, ponderata con i quozienti specifici di nuzialità.Per gli anni 2010-2016 si può cliccare sul Tipo dato e selezionare l"'indicatore corrispondente',,,,,,
A,Annuale,ITD5,Emilia-Romagna,MAGEMBR_FROM2017,Età  media al matrimonio spose (tutte le età),2007,32.31,,,,,TIPO_DATO15__MAGEMBR_FROM2017_N1,'Età media delle spose, ponderata con i quozienti specifici di nuzialità.Per gli anni 2010-2016 si può cliccare sul Tipo dato e selezionare l"'indicatore corrispondente',,,,,,
A,Annuale,ITD5,Emilia-Romagna,MAGEMBR_FROM2017,Età  media al matrimonio spose (tutte le età),2008,32.51,,,,,TIPO_DATO15__MAGEMBR_FROM2017_N1,'Età media delle spose, ponderata con i quozienti specifici di nuzialità.Per gli anni 2010-2016 si può cliccare sul Tipo dato e selezionare l"'indicatore corrispondente',,,,,,
A,Annuale,ITD5,Emilia-Romagna,MAGEMBR_FROM2017,Età  media al matrimonio spose (tutte le età),2009,33.07,,,,,TIPO_DATO15__MAGEMBR_FROM2017_N1,'Età media delle spose, ponderata con i quozienti specifici di nuzialità.Per gli anni 2010-2016 si può cliccare sul Tipo dato e selezionare l"'indicatore corrispondente',,,,,,
A,Annuale,ITD5,Emilia-Romagna,MAGEMBR_FROM2017,Età  media al matrimonio spose (tutte le età),2010,33.52,,,,,TIPO_DATO15__MAGEMBR_FROM2017_N1,'Età media delle spose, ponderata con i quozienti specifici di nuzialità.Per gli anni 2010-2016 si può cliccare sul Tipo dato e selezionare l"'indicatore corrispondente',,,,,,
A,Annuale,ITD5,Emilia-Romagna,MAGEMBR_FROM2017,Età  media al matrimonio spose (tutte le età),2011,33.75,,,,,TIPO_DATO15__MAGEMBR_FROM2017_N1,'Età media delle spose, ponderata con i quozienti specifici di nuzialità.Per gli anni 2010-2016 si può cliccare sul Tipo dato e selezionare l"'indicatore corrispondente',,,,,,
A,Annuale,ITD5,Emilia-Romagna,MAGEMBR_FROM2017,Età  media al matrimonio spose (tutte le età),2012,33.87,,,,,TIPO_DATO15__MAGEMBR_FROM2017_N1,'Età media delle spose, ponderata con i quozienti specifici di nuzialità.Per gli anni 2010-2016 si può cliccare sul Tipo dato e selezionare l"'indicatore corrispondente',,,,,,
A,Annuale,ITD5,Emilia-Romagna,MAGEMBR_FROM2017,Età  media al matrimonio spose (tutte le età),2013,34.32,,,,,TIPO_DATO15__MAGEMBR_FROM2017_N1,'Età media delle spose, ponderata con i quozienti specifici di nuzialità.Per gli anni 2010-2016 si può cliccare sul Tipo dato e selezionare l"'indicatore corrispondente',,,,,,
A,Annuale,ITD5,Emilia-Romagna,MAGEMBR_FROM2017,Età  media al matrimonio spose (tutte le età),2014,34.61,,,,,TIPO_DATO15__MAGEMBR_FROM2017_N1,'Età media delle spose, ponderata con i quozienti specifici di nuzialità.Per gli anni 2010-2016 si può cliccare sul Tipo dato e selezionare l"'indicatore corrispondente',,,,,,
A,Annuale,ITD5,Emilia-Romagna,MAGEMBR_FROM2017,Età  media al matrimonio spose (tutte le età),2015,35.05,,,,,TIPO_DATO15__MAGEMBR_FROM2017_N1,'Età media delle spose, ponderata con i quozienti specifici di nuzialità.Per gli anni 2010-2016 si può cliccare sul Tipo dato e selezionare l"'indicatore corrispondente',,,,,,
A,Annuale,ITD5,Emilia-Romagna,MAGEMBR_FROM2017,Età  media al matrimonio spose (tutte le età),2016,35.38,,,,,TIPO_DATO15__MAGEMBR_FROM2017_N1,'Età media delle spose, ponderata con i quozienti specifici di nuzialità.Per gli anni 2010-2016 si può cliccare sul Tipo dato e selezionare l"'indicatore corrispondente',,,,,,
A,Annuale,ITD5,Emilia-Romagna,MAGEMBR_FROM2017,Età  media al matrimonio spose (tutte le età),2017,35.73,,,,,TIPO_DATO15__MAGEMBR_FROM2017_N1,'Età media delle spose, ponderata con i quozienti specifici di nuzialità.Per gli anni 2010-2016 si può cliccare sul Tipo dato e selezionare l"'indicatore corrispondente',,,,,,
A,Annuale,ITD5,Emilia-Romagna,MAGEMBR_FROM2017,Età  media al matrimonio spose (tutte le età),2018,36.05,,,,,TIPO_DATO15__MAGEMBR_FROM2017_N1,'Età media delle spose, ponderata con i quozienti specifici di nuzialità.Per gli anni 2010-2016 si può cliccare sul Tipo dato e selezionare l"'indicatore corrispondente',,,,,,
A,Annuale,ITD5,Emilia-Romagna,MAGEMBR_FROM2017,Età  media al matrimonio spose (tutte le età),2019,36.6,,,,,TIPO_DATO15__MAGEMBR_FROM2017_N1,'Età media delle spose, ponderata con i quozienti specifici di nuzialità.Per gli anni 2010-2016 si può cliccare sul Tipo dato e selezionare l"'indicatore corrispondente',,,,,,
A,Annuale,ITD5,Emilia-Romagna,MAGEMBR_FROM2017,Età  media al matrimonio spose (tutte le età),2020,38.03,,,,,TIPO_DATO15__MAGEMBR_FROM2017_N1,'Età media delle spose, ponderata con i quozienti specifici di nuzialità.Per gli anni 2010-2016 si può cliccare sul Tipo dato e selezionare l"'indicatore corrispondente',,,,,,
A,Annuale,ITD5,Emilia-Romagna,MAGEMBR_FROM2017,Età  media al matrimonio spose (tutte le età),2021,37.12,,,,,TIPO_DATO15__MAGEMBR_FROM2017_N1,'Età media delle spose, ponderata con i quozienti specifici di nuzialità.Per gli anni 2010-2016 si può cliccare sul Tipo dato e selezionare l"'indicatore corrispondente',,,,,,
A,Annuale,ITD5,Emilia-Romagna,MAGEMBR_FROM2017,Età  media al matrimonio spose (tutte le età),2022,37.91,,,,,TIPO_DATO15__MAGEMBR_FROM2017_N1,'Età media delle spose, ponderata con i quozienti specifici di nuzialità.Per gli anni 2010-2016 si può cliccare sul Tipo dato e selezionare l"'indicatore corrispondente',,,,,,
A,Annuale,ITD5,Emilia-Romagna,MAGEMBR_FROM2017,Età  media al matrimonio spose (tutte le età),2023,38.62,e,Dato stimato,,,TIPO_DATO15__MAGEMBR_FROM2017_N1,'Età media delle spose, ponderata con i quozienti specifici di nuzialità.Per gli anni 2010-2016 si può cliccare sul Tipo dato e selezionare l"'indicatore corrispondente',,,,,,
A,Annuale,ITE1,Toscana,CMARRGP_FROM2017,Matrimoni civili (%),2004,44.1,,,,,,,,,,,,
A,Annuale,ITE1,Toscana,CMARRGP_FROM2017,Matrimoni civili (%),2005,46.2,,,,,,,,,,,,
A,Annuale,ITE1,Toscana,CMARRGP_FROM2017,Matrimoni civili (%),2006,46.7,,,,,,,,,,,,
A,Annuale,ITE1,Toscana,CMARRGP_FROM2017,Matrimoni civili (%),2007,49.1,,,,,,,,,,,,
A,Annuale,ITE1,Toscana,CMARRGP_FROM2017,Matrimoni civili (%),2008,52.2,,,,,,,,,,,,
A,Annuale,ITE1,Toscana,CMARRGP_FROM2017,Matrimoni civili (%),2009,52.9,,,,,,,,,,,,
A,Annuale,ITE1,Toscana,CMARRGP_FROM2017,Matrimoni civili (%),2010,52.8,,,,,,,,,,,,
A,Annuale,ITE1,Toscana,CMARRGP_FROM2017,Matrimoni civili (%),2011,56.1,,,,,,,,,,,,
A,Annuale,ITE1,Toscana,CMARRGP_FROM2017,Matrimoni civili (%),2012,57.5,,,,,,,,,,,,
A,Annuale,ITE1,Toscana,CMARRGP_FROM2017,Matrimoni civili (%),2013,59.1,,,,,,,,,,,,
A,Annuale,ITE1,Toscana,CMARRGP_FROM2017,Matrimoni civili (%),2014,59.4,,,,,,,,,,,,
A,Annuale,ITE1,Toscana,CMARRGP_FROM2017,Matrimoni civili (%),2015,60.8,,,,,,,,,,,,
A,Annuale,ITE1,Toscana,CMARRGP_FROM2017,Matrimoni civili (%),2016,62.7,,,,,,,,,,,,
A,Annuale,ITE1,Toscana,CMARRGP_FROM2017,Matrimoni civili (%),2017,65,,,,,,,,,,,,
A,Annuale,ITE1,Toscana,CMARRGP_FROM2017,Matrimoni civili (%),2018,66.7,,,,,,,,,,,,
A,Annuale,ITE1,Toscana,CMARRGP_FROM2017,Matrimoni civili (%),2019,68.9,,,,,,,,,,,,
A,Annuale,ITE1,Toscana,CMARRGP_FROM2017,Matrimoni civili (%),2020,80.7,,,,,,,,,,,,
A,Annuale,ITE1,Toscana,CMARRGP_FROM2017,Matrimoni civili (%),2021,70.5,,,,,,,,,,,,
A,Annuale,ITE1,Toscana,CMARRGP_FROM2017,Matrimoni civili (%),2022,70,,,,,,,,,,,,
A,Annuale,ITE1,Toscana,CMARRGP_FROM2017,Matrimoni civili (%),2023,73.7,,,,,,,,,,,,
A,Annuale,ITE1,Toscana,NUPT_TOTM_FROM2017,Tasso di nuzialità  totale sposi-valori per mille,2004,531.6,,,,,,,,,,,,
A,Annuale,ITE1,Toscana,NUPT_TOTM_FROM2017,Tasso di nuzialità  totale sposi-valori per mille,2005,526.7,,,,,,,,,,,,
A,Annuale,ITE1,Toscana,NUPT_TOTM_FROM2017,Tasso di nuzialità  totale sposi-valori per mille,2006,532.4,,,,,,,,,,,,
A,Annuale,ITE1,Toscana,NUPT_TOTM_FROM2017,Tasso di nuzialità  totale sposi-valori per mille,2007,555,,,,,,,,,,,,
A,Annuale,ITE1,Toscana,NUPT_TOTM_FROM2017,Tasso di nuzialità  totale sposi-valori per mille,2008,556.5,,,,,,,,,,,,
A,Annuale,ITE1,Toscana,NUPT_TOTM_FROM2017,Tasso di nuzialità  totale sposi-valori per mille,2009,514,,,,,,,,,,,,
A,Annuale,ITE1,Toscana,NUPT_TOTM_FROM2017,Tasso di nuzialità  totale sposi-valori per mille,2010,483,,,,,,,,,,,,
A,Annuale,ITE1,Toscana,NUPT_TOTM_FROM2017,Tasso di nuzialità  totale sposi-valori per mille,2011,463.4,,,,,,,,,,,,
A,Annuale,ITE1,Toscana,NUPT_TOTM_FROM2017,Tasso di nuzialità  totale sposi-valori per mille,2012,493.7,,,,,,,,,,,,
A,Annuale,ITE1,Toscana,NUPT_TOTM_FROM2017,Tasso di nuzialità  totale sposi-valori per mille,2013,440.5,,,,,,,,,,,,
A,Annuale,ITE1,Toscana,NUPT_TOTM_FROM2017,Tasso di nuzialità  totale sposi-valori per mille,2014,430.2,,,,,,,,,,,,
A,Annuale,ITE1,Toscana,NUPT_TOTM_FROM2017,Tasso di nuzialità  totale sposi-valori per mille,2015,433,,,,,,,,,,,,
A,Annuale,ITE1,Toscana,NUPT_TOTM_FROM2017,Tasso di nuzialità  totale sposi-valori per mille,2016,459.9,,,,,,,,,,,,
A,Annuale,ITE1,Toscana,NUPT_TOTM_FROM2017,Tasso di nuzialità  totale sposi-valori per mille,2017,433.8,,,,,,,,,,,,
A,Annuale,ITE1,Toscana,NUPT_TOTM_FROM2017,Tasso di nuzialità  totale sposi-valori per mille,2018,431.3,,,,,,,,,,,,
A,Annuale,ITE1,Toscana,NUPT_TOTM_FROM2017,Tasso di nuzialità  totale sposi-valori per mille,2019,414.4,,,,,,,,,,,,
A,Annuale,ITE1,Toscana,NUPT_TOTM_FROM2017,Tasso di nuzialità  totale sposi-valori per mille,2020,189.7,,,,,,,,,,,,
A,Annuale,ITE1,Toscana,NUPT_TOTM_FROM2017,Tasso di nuzialità  totale sposi-valori per mille,2021,374.8,,,,,,,,,,,,
A,Annuale,ITE1,Toscana,NUPT_TOTM_FROM2017,Tasso di nuzialità  totale sposi-valori per mille,2022,433.1,,,,,,,,,,,,
A,Annuale,ITE1,Toscana,NUPT_TOTM_FROM2017,Tasso di nuzialità  totale sposi-valori per mille,2023,418.7,e,Dato stimato,,,,,,,,,,
A,Annuale,ITE1,Toscana,NUPT_TOTW_FROM2017,Tasso di nuzialità totale spose-valori per mille,2004,605.5,,,,,,,,,,,,
A,Annuale,ITE1,Toscana,NUPT_TOTW_FROM2017,Tasso di nuzialità totale spose-valori per mille,2005,603.5,,,,,,,,,,,,
A,Annuale,ITE1,Toscana,NUPT_TOTW_FROM2017,Tasso di nuzialità totale spose-valori per mille,2006,611.3,,,,,,,,,,,,
A,Annuale,ITE1,Toscana,NUPT_TOTW_FROM2017,Tasso di nuzialità totale spose-valori per mille,2007,632.2,,,,,,,,,,,,
A,Annuale,ITE1,Toscana,NUPT_TOTW_FROM2017,Tasso di nuzialità totale spose-valori per mille,2008,631,,,,,,,,,,,,
A,Annuale,ITE1,Toscana,NUPT_TOTW_FROM2017,Tasso di nuzialità totale spose-valori per mille,2009,583.2,,,,,,,,,,,,
A,Annuale,ITE1,Toscana,NUPT_TOTW_FROM2017,Tasso di nuzialità totale spose-valori per mille,2010,545.9,,,,,,,,,,,,
A,Annuale,ITE1,Toscana,NUPT_TOTW_FROM2017,Tasso di nuzialità totale spose-valori per mille,2011,524.5,,,,,,,,,,,,
A,Annuale,ITE1,Toscana,NUPT_TOTW_FROM2017,Tasso di nuzialità totale spose-valori per mille,2012,557.8,,,,,,,,,,,,
A,Annuale,ITE1,Toscana,NUPT_TOTW_FROM2017,Tasso di nuzialità totale spose-valori per mille,2013,499.2,,,,,,,,,,,,
A,Annuale,ITE1,Toscana,NUPT_TOTW_FROM2017,Tasso di nuzialità totale spose-valori per mille,2014,486.4,,,,,,,,,,,,
A,Annuale,ITE1,Toscana,NUPT_TOTW_FROM2017,Tasso di nuzialità totale spose-valori per mille,2015,492.3,,,,,,,,,,,,
A,Annuale,ITE1,Toscana,NUPT_TOTW_FROM2017,Tasso di nuzialità totale spose-valori per mille,2016,521.4,,,,,,,,,,,,
A,Annuale,ITE1,Toscana,NUPT_TOTW_FROM2017,Tasso di nuzialità totale spose-valori per mille,2017,494.9,,,,,,,,,,,,
A,Annuale,ITE1,Toscana,NUPT_TOTW_FROM2017,Tasso di nuzialità totale spose-valori per mille,2018,494.2,,,,,,,,,,,,
A,Annuale,ITE1,Toscana,NUPT_TOTW_FROM2017,Tasso di nuzialità totale spose-valori per mille,2019,476.7,,,,,,,,,,,,
A,Annuale,ITE1,Toscana,NUPT_TOTW_FROM2017,Tasso di nuzialità totale spose-valori per mille,2020,226.1,,,,,,,,,,,,
A,Annuale,ITE1,Toscana,NUPT_TOTW_FROM2017,Tasso di nuzialità totale spose-valori per mille,2021,437,,,,,,,,,,,,
A,Annuale,ITE1,Toscana,NUPT_TOTW_FROM2017,Tasso di nuzialità totale spose-valori per mille,2022,503.8,,,,,,,,,,,,
A,Annuale,ITE1,Toscana,NUPT_TOTW_FROM2017,Tasso di nuzialità totale spose-valori per mille,2023,488.8,e,Dato stimato,,,,,,,,,,
A,Annuale,ITE1,Toscana,MAGEMBRGR_FROM2017,Età  media al matrimonio sposi (tutte le età),2004,35.5,,,,,TIPO_DATO15__MAGEMBRGR_FROM2017_N1,'Età media delle spose, ponderata con i quozienti specifici di nuzialità.Per gli anni 2010-2016 si può cliccare sul Tipo dato e selezionare l"'indicatore corrispondente',,,,,,
A,Annuale,ITE1,Toscana,MAGEMBRGR_FROM2017,Età  media al matrimonio sposi (tutte le età),2005,35.83,,,,,TIPO_DATO15__MAGEMBRGR_FROM2017_N1,'Età media delle spose, ponderata con i quozienti specifici di nuzialità.Per gli anni 2010-2016 si può cliccare sul Tipo dato e selezionare l"'indicatore corrispondente',,,,,,
A,Annuale,ITE1,Toscana,MAGEMBRGR_FROM2017,Età  media al matrimonio sposi (tutte le età),2006,35.91,,,,,TIPO_DATO15__MAGEMBRGR_FROM2017_N1,'Età media delle spose, ponderata con i quozienti specifici di nuzialità.Per gli anni 2010-2016 si può cliccare sul Tipo dato e selezionare l"'indicatore corrispondente',,,,,,
A,Annuale,ITE1,Toscana,MAGEMBRGR_FROM2017,Età  media al matrimonio sposi (tutte le età),2007,36.16,,,,,TIPO_DATO15__MAGEMBRGR_FROM2017_N1,'Età media delle spose, ponderata con i quozienti specifici di nuzialità.Per gli anni 2010-2016 si può cliccare sul Tipo dato e selezionare l"'indicatore corrispondente',,,,,,
A,Annuale,ITE1,Toscana,MAGEMBRGR_FROM2017,Età  media al matrimonio sposi (tutte le età),2008,36.26,,,,,TIPO_DATO15__MAGEMBRGR_FROM2017_N1,'Età media delle spose, ponderata con i quozienti specifici di nuzialità.Per gli anni 2010-2016 si può cliccare sul Tipo dato e selezionare l"'indicatore corrispondente',,,,,,
A,Annuale,ITE1,Toscana,MAGEMBRGR_FROM2017,Età  media al matrimonio sposi (tutte le età),2009,36.58,,,,,TIPO_DATO15__MAGEMBRGR_FROM2017_N1,'Età media delle spose, ponderata con i quozienti specifici di nuzialità.Per gli anni 2010-2016 si può cliccare sul Tipo dato e selezionare l"'indicatore corrispondente',,,,,,
A,Annuale,ITE1,Toscana,MAGEMBRGR_FROM2017,Età  media al matrimonio sposi (tutte le età),2010,37.23,,,,,TIPO_DATO15__MAGEMBRGR_FROM2017_N1,'Età media delle spose, ponderata con i quozienti specifici di nuzialità.Per gli anni 2010-2016 si può cliccare sul Tipo dato e selezionare l"'indicatore corrispondente',,,,,,
A,Annuale,ITE1,Toscana,MAGEMBRGR_FROM2017,Età  media al matrimonio sposi (tutte le età),2011,37.54,,,,,TIPO_DATO15__MAGEMBRGR_FROM2017_N1,'Età media delle spose, ponderata con i quozienti specifici di nuzialità.Per gli anni 2010-2016 si può cliccare sul Tipo dato e selezionare l"'indicatore corrispondente',,,,,,
A,Annuale,ITE1,Toscana,MAGEMBRGR_FROM2017,Età  media al matrimonio sposi (tutte le età),2012,37.49,,,,,TIPO_DATO15__MAGEMBRGR_FROM2017_N1,'Età media delle spose, ponderata con i quozienti specifici di nuzialità.Per gli anni 2010-2016 si può cliccare sul Tipo dato e selezionare l"'indicatore corrispondente',,,,,,
A,Annuale,ITE1,Toscana,MAGEMBRGR_FROM2017,Età  media al matrimonio sposi (tutte le età),2013,38.09,,,,,TIPO_DATO15__MAGEMBRGR_FROM2017_N1,'Età media delle spose, ponderata con i quozienti specifici di nuzialità.Per gli anni 2010-2016 si può cliccare sul Tipo dato e selezionare l"'indicatore corrispondente',,,,,,
A,Annuale,ITE1,Toscana,MAGEMBRGR_FROM2017,Età  media al matrimonio sposi (tutte le età),2014,38.41,,,,,TIPO_DATO15__MAGEMBRGR_FROM2017_N1,'Età media delle spose, ponderata con i quozienti specifici di nuzialità.Per gli anni 2010-2016 si può cliccare sul Tipo dato e selezionare l"'indicatore corrispondente',,,,,,
A,Annuale,ITE1,Toscana,MAGEMBRGR_FROM2017,Età  media al matrimonio sposi (tutte le età),2015,38.91,,,,,TIPO_DATO15__MAGEMBRGR_FROM2017_N1,'Età media delle spose, ponderata con i quozienti specifici di nuzialità.Per gli anni 2010-2016 si può cliccare sul Tipo dato e selezionare l"'indicatore corrispondente',,,,,,
A,Annuale,ITE1,Toscana,MAGEMBRGR_FROM2017,Età  media al matrimonio sposi (tutte le età),2016,39.19,,,,,TIPO_DATO15__MAGEMBRGR_FROM2017_N1,'Età media delle spose, ponderata con i quozienti specifici di nuzialità.Per gli anni 2010-2016 si può cliccare sul Tipo dato e selezionare l"'indicatore corrispondente',,,,,,
A,Annuale,ITE1,Toscana,MAGEMBRGR_FROM2017,Età  media al matrimonio sposi (tutte le età),2017,39.48,,,,,TIPO_DATO15__MAGEMBRGR_FROM2017_N1,'Età media delle spose, ponderata con i quozienti specifici di nuzialità.Per gli anni 2010-2016 si può cliccare sul Tipo dato e selezionare l"'indicatore corrispondente',,,,,,
A,Annuale,ITE1,Toscana,MAGEMBRGR_FROM2017,Età  media al matrimonio sposi (tutte le età),2018,39.89,,,,,TIPO_DATO15__MAGEMBRGR_FROM2017_N1,'Età media delle spose, ponderata con i quozienti specifici di nuzialità.Per gli anni 2010-2016 si può cliccare sul Tipo dato e selezionare l"'indicatore corrispondente',,,,,,
A,Annuale,ITE1,Toscana,MAGEMBRGR_FROM2017,Età  media al matrimonio sposi (tutte le età),2019,40.58,,,,,TIPO_DATO15__MAGEMBRGR_FROM2017_N1,'Età media delle spose, ponderata con i quozienti specifici di nuzialità.Per gli anni 2010-2016 si può cliccare sul Tipo dato e selezionare l"'indicatore corrispondente',,,,,,
A,Annuale,ITE1,Toscana,MAGEMBRGR_FROM2017,Età  media al matrimonio sposi (tutte le età),2020,43.22,,,,,TIPO_DATO15__MAGEMBRGR_FROM2017_N1,'Età media delle spose, ponderata con i quozienti specifici di nuzialità.Per gli anni 2010-2016 si può cliccare sul Tipo dato e selezionare l"'indicatore corrispondente',,,,,,
A,Annuale,ITE1,Toscana,MAGEMBRGR_FROM2017,Età  media al matrimonio sposi (tutte le età),2021,41.72,,,,,TIPO_DATO15__MAGEMBRGR_FROM2017_N1,'Età media delle spose, ponderata con i quozienti specifici di nuzialità.Per gli anni 2010-2016 si può cliccare sul Tipo dato e selezionare l"'indicatore corrispondente',,,,,,
A,Annuale,ITE1,Toscana,MAGEMBRGR_FROM2017,Età  media al matrimonio sposi (tutte le età),2022,41.81,,,,,TIPO_DATO15__MAGEMBRGR_FROM2017_N1,'Età media delle spose, ponderata con i quozienti specifici di nuzialità.Per gli anni 2010-2016 si può cliccare sul Tipo dato e selezionare l"'indicatore corrispondente',,,,,,
A,Annuale,ITE1,Toscana,MAGEMBRGR_FROM2017,Età  media al matrimonio sposi (tutte le età),2023,42.21,e,Dato stimato,,,TIPO_DATO15__MAGEMBRGR_FROM2017_N1,'Età media delle spose, ponderata con i quozienti specifici di nuzialità.Per gli anni 2010-2016 si può cliccare sul Tipo dato e selezionare l"'indicatore corrispondente',,,,,,
A,Annuale,ITE1,Toscana,MAGEMBR_FROM2017,Età  media al matrimonio spose (tutte le età),2004,31.16,,,,,TIPO_DATO15__MAGEMBR_FROM2017_N1,'Età media delle spose, ponderata con i quozienti specifici di nuzialità.Per gli anni 2010-2016 si può cliccare sul Tipo dato e selezionare l"'indicatore corrispondente',,,,,,
A,Annuale,ITE1,Toscana,MAGEMBR_FROM2017,Età  media al matrimonio spose (tutte le età),2005,31.61,,,,,TIPO_DATO15__MAGEMBR_FROM2017_N1,'Età media delle spose, ponderata con i quozienti specifici di nuzialità.Per gli anni 2010-2016 si può cliccare sul Tipo dato e selezionare l"'indicatore corrispondente',,,,,,
A,Annuale,ITE1,Toscana,MAGEMBR_FROM2017,Età  media al matrimonio spose (tutte le età),2006,31.74,,,,,TIPO_DATO15__MAGEMBR_FROM2017_N1,'Età media delle spose, ponderata con i quozienti specifici di nuzialità.Per gli anni 2010-2016 si può cliccare sul Tipo dato e selezionare l"'indicatore corrispondente',,,,,,
A,Annuale,ITE1,Toscana,MAGEMBR_FROM2017,Età  media al matrimonio spose (tutte le età),2007,32.17,,,,,TIPO_DATO15__MAGEMBR_FROM2017_N1,'Età media delle spose, ponderata con i quozienti specifici di nuzialità.Per gli anni 2010-2016 si può cliccare sul Tipo dato e selezionare l"'indicatore corrispondente',,,,,,
A,Annuale,ITE1,Toscana,MAGEMBR_FROM2017,Età  media al matrimonio spose (tutte le età),2008,32.28,,,,,TIPO_DATO15__MAGEMBR_FROM2017_N1,'Età media delle spose, ponderata con i quozienti specifici di nuzialità.Per gli anni 2010-2016 si può cliccare sul Tipo dato e selezionare l"'indicatore corrispondente',,,,,,
A,Annuale,ITE1,Toscana,MAGEMBR_FROM2017,Età  media al matrimonio spose (tutte le età),2009,32.53,,,,,TIPO_DATO15__MAGEMBR_FROM2017_N1,'Età media delle spose, ponderata con i quozienti specifici di nuzialità.Per gli anni 2010-2016 si può cliccare sul Tipo dato e selezionare l"'indicatore corrispondente',,,,,,
A,Annuale,ITE1,Toscana,MAGEMBR_FROM2017,Età  media al matrimonio spose (tutte le età),2010,33.06,,,,,TIPO_DATO15__MAGEMBR_FROM2017_N1,'Età media delle spose, ponderata con i quozienti specifici di nuzialità.Per gli anni 2010-2016 si può cliccare sul Tipo dato e selezionare l"'indicatore corrispondente',,,,,,
A,Annuale,ITE1,Toscana,MAGEMBR_FROM2017,Età  media al matrimonio spose (tutte le età),2011,33.32,,,,,TIPO_DATO15__MAGEMBR_FROM2017_N1,'Età media delle spose, ponderata con i quozienti specifici di nuzialità.Per gli anni 2010-2016 si può cliccare sul Tipo dato e selezionare l"'indicatore corrispondente',,,,,,
A,Annuale,ITE1,Toscana,MAGEMBR_FROM2017,Età  media al matrimonio spose (tutte le età),2012,33.38,,,,,TIPO_DATO15__MAGEMBR_FROM2017_N1,'Età media delle spose, ponderata con i quozienti specifici di nuzialità.Per gli anni 2010-2016 si può cliccare sul Tipo dato e selezionare l"'indicatore corrispondente',,,,,,
A,Annuale,ITE1,Toscana,MAGEMBR_FROM2017,Età  media al matrimonio spose (tutte le età),2013,33.8,,,,,TIPO_DATO15__MAGEMBR_FROM2017_N1,'Età media delle spose, ponderata con i quozienti specifici di nuzialità.Per gli anni 2010-2016 si può cliccare sul Tipo dato e selezionare l"'indicatore corrispondente',,,,,,
A,Annuale,ITE1,Toscana,MAGEMBR_FROM2017,Età  media al matrimonio spose (tutte le età),2014,34.2,,,,,TIPO_DATO15__MAGEMBR_FROM2017_N1,'Età media delle spose, ponderata con i quozienti specifici di nuzialità.Per gli anni 2010-2016 si può cliccare sul Tipo dato e selezionare l"'indicatore corrispondente',,,,,,
A,Annuale,ITE1,Toscana,MAGEMBR_FROM2017,Età  media al matrimonio spose (tutte le età),2015,34.57,,,,,TIPO_DATO15__MAGEMBR_FROM2017_N1,'Età media delle spose, ponderata con i quozienti specifici di nuzialità.Per gli anni 2010-2016 si può cliccare sul Tipo dato e selezionare l"'indicatore corrispondente',,,,,,
A,Annuale,ITE1,Toscana,MAGEMBR_FROM2017,Età  media al matrimonio spose (tutte le età),2016,34.87,,,,,TIPO_DATO15__MAGEMBR_FROM2017_N1,'Età media delle spose, ponderata con i quozienti specifici di nuzialità.Per gli anni 2010-2016 si può cliccare sul Tipo dato e selezionare l"'indicatore corrispondente',,,,,,
A,Annuale,ITE1,Toscana,MAGEMBR_FROM2017,Età  media al matrimonio spose (tutte le età),2017,35.28,,,,,TIPO_DATO15__MAGEMBR_FROM2017_N1,'Età media delle spose, ponderata con i quozienti specifici di nuzialità.Per gli anni 2010-2016 si può cliccare sul Tipo dato e selezionare l"'indicatore corrispondente',,,,,,
A,Annuale,ITE1,Toscana,MAGEMBR_FROM2017,Età  media al matrimonio spose (tutte le età),2018,35.61,,,,,TIPO_DATO15__MAGEMBR_FROM2017_N1,'Età media delle spose, ponderata con i quozienti specifici di nuzialità.Per gli anni 2010-2016 si può cliccare sul Tipo dato e selezionare l"'indicatore corrispondente',,,,,,
A,Annuale,ITE1,Toscana,MAGEMBR_FROM2017,Età  media al matrimonio spose (tutte le età),2019,35.88,,,,,TIPO_DATO15__MAGEMBR_FROM2017_N1,'Età media delle spose, ponderata con i quozienti specifici di nuzialità.Per gli anni 2010-2016 si può cliccare sul Tipo dato e selezionare l"'indicatore corrispondente',,,,,,
A,Annuale,ITE1,Toscana,MAGEMBR_FROM2017,Età  media al matrimonio spose (tutte le età),2020,37.88,,,,,TIPO_DATO15__MAGEMBR_FROM2017_N1,'Età media delle spose, ponderata con i quozienti specifici di nuzialità.Per gli anni 2010-2016 si può cliccare sul Tipo dato e selezionare l"'indicatore corrispondente',,,,,,
A,Annuale,ITE1,Toscana,MAGEMBR_FROM2017,Età  media al matrimonio spose (tutte le età),2021,36.99,,,,,TIPO_DATO15__MAGEMBR_FROM2017_N1,'Età media delle spose, ponderata con i quozienti specifici di nuzialità.Per gli anni 2010-2016 si può cliccare sul Tipo dato e selezionare l"'indicatore corrispondente',,,,,,
A,Annuale,ITE1,Toscana,MAGEMBR_FROM2017,Età  media al matrimonio spose (tutte le età),2022,37.05,,,,,TIPO_DATO15__MAGEMBR_FROM2017_N1,'Età media delle spose, ponderata con i quozienti specifici di nuzialità.Per gli anni 2010-2016 si può cliccare sul Tipo dato e selezionare l"'indicatore corrispondente',,,,,,
A,Annuale,ITE1,Toscana,MAGEMBR_FROM2017,Età  media al matrimonio spose (tutte le età),2023,37.65,e,Dato stimato,,,TIPO_DATO15__MAGEMBR_FROM2017_N1,'Età media delle spose, ponderata con i quozienti specifici di nuzialità.Per gli anni 2010-2016 si può cliccare sul Tipo dato e selezionare l"'indicatore corrispondente',,,,,,
A,Annuale,ITE2,Umbria,CMARRGP_FROM2017,Matrimoni civili (%),2004,31,,,,,,,,,,,,
A,Annuale,ITE2,Umbria,CMARRGP_FROM2017,Matrimoni civili (%),2005,32.3,,,,,,,,,,,,
A,Annuale,ITE2,Umbria,CMARRGP_FROM2017,Matrimoni civili (%),2006,33.3,,,,,,,,,,,,
A,Annuale,ITE2,Umbria,CMARRGP_FROM2017,Matrimoni civili (%),2007,34,,,,,,,,,,,,
A,Annuale,ITE2,Umbria,CMARRGP_FROM2017,Matrimoni civili (%),2008,37.1,,,,,,,,,,,,
A,Annuale,ITE2,Umbria,CMARRGP_FROM2017,Matrimoni civili (%),2009,34.6,,,,,,,,,,,,
A,Annuale,ITE2,Umbria,CMARRGP_FROM2017,Matrimoni civili (%),2010,38,,,,,,,,,,,,
A,Annuale,ITE2,Umbria,CMARRGP_FROM2017,Matrimoni civili (%),2011,45.1,,,,,,,,,,,,
A,Annuale,ITE2,Umbria,CMARRGP_FROM2017,Matrimoni civili (%),2012,43.6,,,,,,,,,,,,
A,Annuale,ITE2,Umbria,CMARRGP_FROM2017,Matrimoni civili (%),2013,45.3,,,,,,,,,,,,
A,Annuale,ITE2,Umbria,CMARRGP_FROM2017,Matrimoni civili (%),2014,44.4,,,,,,,,,,,,
A,Annuale,ITE2,Umbria,CMARRGP_FROM2017,Matrimoni civili (%),2015,48.9,,,,,,,,,,,,
A,Annuale,ITE2,Umbria,CMARRGP_FROM2017,Matrimoni civili (%),2016,47.2,,,,,,,,,,,,
A,Annuale,ITE2,Umbria,CMARRGP_FROM2017,Matrimoni civili (%),2017,51.6,,,,,,,,,,,,
A,Annuale,ITE2,Umbria,CMARRGP_FROM2017,Matrimoni civili (%),2018,54.6,,,,,,,,,,,,
A,Annuale,ITE2,Umbria,CMARRGP_FROM2017,Matrimoni civili (%),2019,56.1,,,,,,,,,,,,
A,Annuale,ITE2,Umbria,CMARRGP_FROM2017,Matrimoni civili (%),2020,74.1,,,,,,,,,,,,
A,Annuale,ITE2,Umbria,CMARRGP_FROM2017,Matrimoni civili (%),2021,62.4,,,,,,,,,,,,
A,Annuale,ITE2,Umbria,CMARRGP_FROM2017,Matrimoni civili (%),2022,59.3,,,,,,,,,,,,
A,Annuale,ITE2,Umbria,CMARRGP_FROM2017,Matrimoni civili (%),2023,64.2,,,,,,,,,,,,
A,Annuale,ITE2,Umbria,NUPT_TOTM_FROM2017,Tasso di nuzialità  totale sposi-valori per mille,2004,585.8,,,,,,,,,,,,
A,Annuale,ITE2,Umbria,NUPT_TOTM_FROM2017,Tasso di nuzialità  totale sposi-valori per mille,2005,599.6,,,,,,,,,,,,
A,Annuale,ITE2,Umbria,NUPT_TOTM_FROM2017,Tasso di nuzialità  totale sposi-valori per mille,2006,593.8,,,,,,,,,,,,
A,Annuale,ITE2,Umbria,NUPT_TOTM_FROM2017,Tasso di nuzialità  totale sposi-valori per mille,2007,570.5,,,,,,,,,,,,
A,Annuale,ITE2,Umbria,NUPT_TOTM_FROM2017,Tasso di nuzialità  totale sposi-valori per mille,2008,586,,,,,,,,,,,,
A,Annuale,ITE2,Umbria,NUPT_TOTM_FROM2017,Tasso di nuzialità  totale sposi-valori per mille,2009,512.9,,,,,,,,,,,,
A,Annuale,ITE2,Umbria,NUPT_TOTM_FROM2017,Tasso di nuzialità  totale sposi-valori per mille,2010,488.9,,,,,,,,,,,,
A,Annuale,ITE2,Umbria,NUPT_TOTM_FROM2017,Tasso di nuzialità  totale sposi-valori per mille,2011,477,,,,,,,,,,,,
A,Annuale,ITE2,Umbria,NUPT_TOTM_FROM2017,Tasso di nuzialità  totale sposi-valori per mille,2012,469,,,,,,,,,,,,
A,Annuale,ITE2,Umbria,NUPT_TOTM_FROM2017,Tasso di nuzialità  totale sposi-valori per mille,2013,413.6,,,,,,,,,,,,
A,Annuale,ITE2,Umbria,NUPT_TOTM_FROM2017,Tasso di nuzialità  totale sposi-valori per mille,2014,422.6,,,,,,,,,,,,
A,Annuale,ITE2,Umbria,NUPT_TOTM_FROM2017,Tasso di nuzialità  totale sposi-valori per mille,2015,418.6,,,,,,,,,,,,
A,Annuale,ITE2,Umbria,NUPT_TOTM_FROM2017,Tasso di nuzialità  totale sposi-valori per mille,2016,437.8,,,,,,,,,,,,
A,Annuale,ITE2,Umbria,NUPT_TOTM_FROM2017,Tasso di nuzialità  totale sposi-valori per mille,2017,400.4,,,,,,,,,,,,
A,Annuale,ITE2,Umbria,NUPT_TOTM_FROM2017,Tasso di nuzialità  totale sposi-valori per mille,2018,422,,,,,,,,,,,,
A,Annuale,ITE2,Umbria,NUPT_TOTM_FROM2017,Tasso di nuzialità  totale sposi-valori per mille,2019,401.7,,,,,,,,,,,,
A,Annuale,ITE2,Umbria,NUPT_TOTM_FROM2017,Tasso di nuzialità  totale sposi-valori per mille,2020,183,,,,,,,,,,,,
A,Annuale,ITE2,Umbria,NUPT_TOTM_FROM2017,Tasso di nuzialità  totale sposi-valori per mille,2021,344,,,,,,,,,,,,
A,Annuale,ITE2,Umbria,NUPT_TOTM_FROM2017,Tasso di nuzialità  totale sposi-valori per mille,2022,430.2,,,,,,,,,,,,
A,Annuale,ITE2,Umbria,NUPT_TOTM_FROM2017,Tasso di nuzialità  totale sposi-valori per mille,2023,405.5,e,Dato stimato,,,,,,,,,,
A,Annuale,ITE2,Umbria,NUPT_TOTW_FROM2017,Tasso di nuzialità totale spose-valori per mille,2004,656,,,,,,,,,,,,
A,Annuale,ITE2,Umbria,NUPT_TOTW_FROM2017,Tasso di nuzialità totale spose-valori per mille,2005,666.1,,,,,,,,,,,,
A,Annuale,ITE2,Umbria,NUPT_TOTW_FROM2017,Tasso di nuzialità totale spose-valori per mille,2006,662.3,,,,,,,,,,,,
A,Annuale,ITE2,Umbria,NUPT_TOTW_FROM2017,Tasso di nuzialità totale spose-valori per mille,2007,631.9,,,,,,,,,,,,
A,Annuale,ITE2,Umbria,NUPT_TOTW_FROM2017,Tasso di nuzialità totale spose-valori per mille,2008,647.7,,,,,,,,,,,,
A,Annuale,ITE2,Umbria,NUPT_TOTW_FROM2017,Tasso di nuzialità totale spose-valori per mille,2009,568,,,,,,,,,,,,
A,Annuale,ITE2,Umbria,NUPT_TOTW_FROM2017,Tasso di nuzialità totale spose-valori per mille,2010,543.8,,,,,,,,,,,,
A,Annuale,ITE2,Umbria,NUPT_TOTW_FROM2017,Tasso di nuzialità totale spose-valori per mille,2011,529.4,,,,,,,,,,,,
A,Annuale,ITE2,Umbria,NUPT_TOTW_FROM2017,Tasso di nuzialità totale spose-valori per mille,2012,521.3,,,,,,,,,,,,
A,Annuale,ITE2,Umbria,NUPT_TOTW_FROM2017,Tasso di nuzialità totale spose-valori per mille,2013,459.8,,,,,,,,,,,,
A,Annuale,ITE2,Umbria,NUPT_TOTW_FROM2017,Tasso di nuzialità totale spose-valori per mille,2014,466,,,,,,,,,,,,
A,Annuale,ITE2,Umbria,NUPT_TOTW_FROM2017,Tasso di nuzialità totale spose-valori per mille,2015,464.1,,,,,,,,,,,,
A,Annuale,ITE2,Umbria,NUPT_TOTW_FROM2017,Tasso di nuzialità totale spose-valori per mille,2016,485,,,,,,,,,,,,
A,Annuale,ITE2,Umbria,NUPT_TOTW_FROM2017,Tasso di nuzialità totale spose-valori per mille,2017,452.2,,,,,,,,,,,,
A,Annuale,ITE2,Umbria,NUPT_TOTW_FROM2017,Tasso di nuzialità totale spose-valori per mille,2018,478.6,,,,,,,,,,,,
A,Annuale,ITE2,Umbria,NUPT_TOTW_FROM2017,Tasso di nuzialità totale spose-valori per mille,2019,460.5,,,,,,,,,,,,
A,Annuale,ITE2,Umbria,NUPT_TOTW_FROM2017,Tasso di nuzialità totale spose-valori per mille,2020,214.1,,,,,,,,,,,,
A,Annuale,ITE2,Umbria,NUPT_TOTW_FROM2017,Tasso di nuzialità totale spose-valori per mille,2021,395.8,,,,,,,,,,,,
A,Annuale,ITE2,Umbria,NUPT_TOTW_FROM2017,Tasso di nuzialità totale spose-valori per mille,2022,489.7,,,,,,,,,,,,
A,Annuale,ITE2,Umbria,NUPT_TOTW_FROM2017,Tasso di nuzialità totale spose-valori per mille,2023,469.3,e,Dato stimato,,,,,,,,,,
A,Annuale,ITE2,Umbria,MAGEMBRGR_FROM2017,Età  media al matrimonio sposi (tutte le età),2004,34.81,,,,,TIPO_DATO15__MAGEMBRGR_FROM2017_N1,'Età media delle spose, ponderata con i quozienti specifici di nuzialità.Per gli anni 2010-2016 si può cliccare sul Tipo dato e selezionare l"'indicatore corrispondente',,,,,,
A,Annuale,ITE2,Umbria,MAGEMBRGR_FROM2017,Età  media al matrimonio sposi (tutte le età),2005,34.5,,,,,TIPO_DATO15__MAGEMBRGR_FROM2017_N1,'Età media delle spose, ponderata con i quozienti specifici di nuzialità.Per gli anni 2010-2016 si può cliccare sul Tipo dato e selezionare l"'indicatore corrispondente',,,,,,
A,Annuale,ITE2,Umbria,MAGEMBRGR_FROM2017,Età  media al matrimonio sposi (tutte le età),2006,34.8,,,,,TIPO_DATO15__MAGEMBRGR_FROM2017_N1,'Età media delle spose, ponderata con i quozienti specifici di nuzialità.Per gli anni 2010-2016 si può cliccare sul Tipo dato e selezionare l"'indicatore corrispondente',,,,,,
A,Annuale,ITE2,Umbria,MAGEMBRGR_FROM2017,Età  media al matrimonio sposi (tutte le età),2007,34.98,,,,,TIPO_DATO15__MAGEMBRGR_FROM2017_N1,'Età media delle spose, ponderata con i quozienti specifici di nuzialità.Per gli anni 2010-2016 si può cliccare sul Tipo dato e selezionare l"'indicatore corrispondente',,,,,,
A,Annuale,ITE2,Umbria,MAGEMBRGR_FROM2017,Età  media al matrimonio sposi (tutte le età),2008,35.39,,,,,TIPO_DATO15__MAGEMBRGR_FROM2017_N1,'Età media delle spose, ponderata con i quozienti specifici di nuzialità.Per gli anni 2010-2016 si può cliccare sul Tipo dato e selezionare l"'indicatore corrispondente',,,,,,
A,Annuale,ITE2,Umbria,MAGEMBRGR_FROM2017,Età  media al matrimonio sposi (tutte le età),2009,35.63,,,,,TIPO_DATO15__MAGEMBRGR_FROM2017_N1,'Età media delle spose, ponderata con i quozienti specifici di nuzialità.Per gli anni 2010-2016 si può cliccare sul Tipo dato e selezionare l"'indicatore corrispondente',,,,,,
A,Annuale,ITE2,Umbria,MAGEMBRGR_FROM2017,Età  media al matrimonio sposi (tutte le età),2010,36.14,,,,,TIPO_DATO15__MAGEMBRGR_FROM2017_N1,'Età media delle spose, ponderata con i quozienti specifici di nuzialità.Per gli anni 2010-2016 si può cliccare sul Tipo dato e selezionare l"'indicatore corrispondente',,,,,,
A,Annuale,ITE2,Umbria,MAGEMBRGR_FROM2017,Età  media al matrimonio sposi (tutte le età),2011,36.74,,,,,TIPO_DATO15__MAGEMBRGR_FROM2017_N1,'Età media delle spose, ponderata con i quozienti specifici di nuzialità.Per gli anni 2010-2016 si può cliccare sul Tipo dato e selezionare l"'indicatore corrispondente',,,,,,
A,Annuale,ITE2,Umbria,MAGEMBRGR_FROM2017,Età  media al matrimonio sposi (tutte le età),2012,36.72,,,,,TIPO_DATO15__MAGEMBRGR_FROM2017_N1,'Età media delle spose, ponderata con i quozienti specifici di nuzialità.Per gli anni 2010-2016 si può cliccare sul Tipo dato e selezionare l"'indicatore corrispondente',,,,,,
A,Annuale,ITE2,Umbria,MAGEMBRGR_FROM2017,Età  media al matrimonio sposi (tutte le età),2013,37.24,,,,,TIPO_DATO15__MAGEMBRGR_FROM2017_N1,'Età media delle spose, ponderata con i quozienti specifici di nuzialità.Per gli anni 2010-2016 si può cliccare sul Tipo dato e selezionare l"'indicatore corrispondente',,,,,,
A,Annuale,ITE2,Umbria,MAGEMBRGR_FROM2017,Età  media al matrimonio sposi (tutte le età),2014,37.28,,,,,TIPO_DATO15__MAGEMBRGR_FROM2017_N1,'Età media delle spose, ponderata con i quozienti specifici di nuzialità.Per gli anni 2010-2016 si può cliccare sul Tipo dato e selezionare l"'indicatore corrispondente',,,,,,
A,Annuale,ITE2,Umbria,MAGEMBRGR_FROM2017,Età  media al matrimonio sposi (tutte le età),2015,37.83,,,,,TIPO_DATO15__MAGEMBRGR_FROM2017_N1,'Età media delle spose, ponderata con i quozienti specifici di nuzialità.Per gli anni 2010-2016 si può cliccare sul Tipo dato e selezionare l"'indicatore corrispondente',,,,,,
A,Annuale,ITE2,Umbria,MAGEMBRGR_FROM2017,Età  media al matrimonio sposi (tutte le età),2016,37.73,,,,,TIPO_DATO15__MAGEMBRGR_FROM2017_N1,'Età media delle spose, ponderata con i quozienti specifici di nuzialità.Per gli anni 2010-2016 si può cliccare sul Tipo dato e selezionare l"'indicatore corrispondente',,,,,,
A,Annuale,ITE2,Umbria,MAGEMBRGR_FROM2017,Età  media al matrimonio sposi (tutte le età),2017,39.04,,,,,TIPO_DATO15__MAGEMBRGR_FROM2017_N1,'Età media delle spose, ponderata con i quozienti specifici di nuzialità.Per gli anni 2010-2016 si può cliccare sul Tipo dato e selezionare l"'indicatore corrispondente',,,,,,
A,Annuale,ITE2,Umbria,MAGEMBRGR_FROM2017,Età  media al matrimonio sposi (tutte le età),2018,38.84,,,,,TIPO_DATO15__MAGEMBRGR_FROM2017_N1,'Età media delle spose, ponderata con i quozienti specifici di nuzialità.Per gli anni 2010-2016 si può cliccare sul Tipo dato e selezionare l"'indicatore corrispondente',,,,,,
A,Annuale,ITE2,Umbria,MAGEMBRGR_FROM2017,Età  media al matrimonio sposi (tutte le età),2019,39.71,,,,,TIPO_DATO15__MAGEMBRGR_FROM2017_N1,'Età media delle spose, ponderata con i quozienti specifici di nuzialità.Per gli anni 2010-2016 si può cliccare sul Tipo dato e selezionare l"'indicatore corrispondente',,,,,,
A,Annuale,ITE2,Umbria,MAGEMBRGR_FROM2017,Età  media al matrimonio sposi (tutte le età),2020,42.88,,,,,TIPO_DATO15__MAGEMBRGR_FROM2017_N1,'Età media delle spose, ponderata con i quozienti specifici di nuzialità.Per gli anni 2010-2016 si può cliccare sul Tipo dato e selezionare l"'indicatore corrispondente',,,,,,
A,Annuale,ITE2,Umbria,MAGEMBRGR_FROM2017,Età  media al matrimonio sposi (tutte le età),2021,40.03,,,,,TIPO_DATO15__MAGEMBRGR_FROM2017_N1,'Età media delle spose, ponderata con i quozienti specifici di nuzialità.Per gli anni 2010-2016 si può cliccare sul Tipo dato e selezionare l"'indicatore corrispondente',,,,,,
A,Annuale,ITE2,Umbria,MAGEMBRGR_FROM2017,Età  media al matrimonio sposi (tutte le età),2022,40.22,,,,,TIPO_DATO15__MAGEMBRGR_FROM2017_N1,'Età media delle spose, ponderata con i quozienti specifici di nuzialità.Per gli anni 2010-2016 si può cliccare sul Tipo dato e selezionare l"'indicatore corrispondente',,,,,,
A,Annuale,ITE2,Umbria,MAGEMBRGR_FROM2017,Età  media al matrimonio sposi (tutte le età),2023,41.12,e,Dato stimato,,,TIPO_DATO15__MAGEMBRGR_FROM2017_N1,'Età media delle spose, ponderata con i quozienti specifici di nuzialità.Per gli anni 2010-2016 si può cliccare sul Tipo dato e selezionare l"'indicatore corrispondente',,,,,,
A,Annuale,ITE2,Umbria,MAGEMBR_FROM2017,Età  media al matrimonio spose (tutte le età),2004,30.45,,,,,TIPO_DATO15__MAGEMBR_FROM2017_N1,'Età media delle spose, ponderata con i quozienti specifici di nuzialità.Per gli anni 2010-2016 si può cliccare sul Tipo dato e selezionare l"'indicatore corrispondente',,,,,,
A,Annuale,ITE2,Umbria,MAGEMBR_FROM2017,Età  media al matrimonio spose (tutte le età),2005,30.6,,,,,TIPO_DATO15__MAGEMBR_FROM2017_N1,'Età media delle spose, ponderata con i quozienti specifici di nuzialità.Per gli anni 2010-2016 si può cliccare sul Tipo dato e selezionare l"'indicatore corrispondente',,,,,,
A,Annuale,ITE2,Umbria,MAGEMBR_FROM2017,Età  media al matrimonio spose (tutte le età),2006,30.88,,,,,TIPO_DATO15__MAGEMBR_FROM2017_N1,'Età media delle spose, ponderata con i quozienti specifici di nuzialità.Per gli anni 2010-2016 si può cliccare sul Tipo dato e selezionare l"'indicatore corrispondente',,,,,,
A,Annuale,ITE2,Umbria,MAGEMBR_FROM2017,Età  media al matrimonio spose (tutte le età),2007,31.14,,,,,TIPO_DATO15__MAGEMBR_FROM2017_N1,'Età media delle spose, ponderata con i quozienti specifici di nuzialità.Per gli anni 2010-2016 si può cliccare sul Tipo dato e selezionare l"'indicatore corrispondente',,,,,,
A,Annuale,ITE2,Umbria,MAGEMBR_FROM2017,Età  media al matrimonio spose (tutte le età),2008,31.51,,,,,TIPO_DATO15__MAGEMBR_FROM2017_N1,'Età media delle spose, ponderata con i quozienti specifici di nuzialità.Per gli anni 2010-2016 si può cliccare sul Tipo dato e selezionare l"'indicatore corrispondente',,,,,,
A,Annuale,ITE2,Umbria,MAGEMBR_FROM2017,Età  media al matrimonio spose (tutte le età),2009,31.57,,,,,TIPO_DATO15__MAGEMBR_FROM2017_N1,'Età media delle spose, ponderata con i quozienti specifici di nuzialità.Per gli anni 2010-2016 si può cliccare sul Tipo dato e selezionare l"'indicatore corrispondente',,,,,,
A,Annuale,ITE2,Umbria,MAGEMBR_FROM2017,Età  media al matrimonio spose (tutte le età),2010,32,,,,,TIPO_DATO15__MAGEMBR_FROM2017_N1,'Età media delle spose, ponderata con i quozienti specifici di nuzialità.Per gli anni 2010-2016 si può cliccare sul Tipo dato e selezionare l"'indicatore corrispondente',,,,,,
A,Annuale,ITE2,Umbria,MAGEMBR_FROM2017,Età  media al matrimonio spose (tutte le età),2011,32.4,,,,,TIPO_DATO15__MAGEMBR_FROM2017_N1,'Età media delle spose, ponderata con i quozienti specifici di nuzialità.Per gli anni 2010-2016 si può cliccare sul Tipo dato e selezionare l"'indicatore corrispondente',,,,,,
A,Annuale,ITE2,Umbria,MAGEMBR_FROM2017,Età  media al matrimonio spose (tutte le età),2012,32.53,,,,,TIPO_DATO15__MAGEMBR_FROM2017_N1,'Età media delle spose, ponderata con i quozienti specifici di nuzialità.Per gli anni 2010-2016 si può cliccare sul Tipo dato e selezionare l"'indicatore corrispondente',,,,,,
A,Annuale,ITE2,Umbria,MAGEMBR_FROM2017,Età  media al matrimonio spose (tutte le età),2013,32.77,,,,,TIPO_DATO15__MAGEMBR_FROM2017_N1,'Età media delle spose, ponderata con i quozienti specifici di nuzialità.Per gli anni 2010-2016 si può cliccare sul Tipo dato e selezionare l"'indicatore corrispondente',,,,,,
A,Annuale,ITE2,Umbria,MAGEMBR_FROM2017,Età  media al matrimonio spose (tutte le età),2014,33.16,,,,,TIPO_DATO15__MAGEMBR_FROM2017_N1,'Età media delle spose, ponderata con i quozienti specifici di nuzialità.Per gli anni 2010-2016 si può cliccare sul Tipo dato e selezionare l"'indicatore corrispondente',,,,,,
A,Annuale,ITE2,Umbria,MAGEMBR_FROM2017,Età  media al matrimonio spose (tutte le età),2015,33.73,,,,,TIPO_DATO15__MAGEMBR_FROM2017_N1,'Età media delle spose, ponderata con i quozienti specifici di nuzialità.Per gli anni 2010-2016 si può cliccare sul Tipo dato e selezionare l"'indicatore corrispondente',,,,,,
A,Annuale,ITE2,Umbria,MAGEMBR_FROM2017,Età  media al matrimonio spose (tutte le età),2016,33.55,,,,,TIPO_DATO15__MAGEMBR_FROM2017_N1,'Età media delle spose, ponderata con i quozienti specifici di nuzialità.Per gli anni 2010-2016 si può cliccare sul Tipo dato e selezionare l"'indicatore corrispondente',,,,,,
A,Annuale,ITE2,Umbria,MAGEMBR_FROM2017,Età  media al matrimonio spose (tutte le età),2017,34.66,,,,,TIPO_DATO15__MAGEMBR_FROM2017_N1,'Età media delle spose, ponderata con i quozienti specifici di nuzialità.Per gli anni 2010-2016 si può cliccare sul Tipo dato e selezionare l"'indicatore corrispondente',,,,,,
A,Annuale,ITE2,Umbria,MAGEMBR_FROM2017,Età  media al matrimonio spose (tutte le età),2018,34.55,,,,,TIPO_DATO15__MAGEMBR_FROM2017_N1,'Età media delle spose, ponderata con i quozienti specifici di nuzialità.Per gli anni 2010-2016 si può cliccare sul Tipo dato e selezionare l"'indicatore corrispondente',,,,,,
A,Annuale,ITE2,Umbria,MAGEMBR_FROM2017,Età  media al matrimonio spose (tutte le età),2019,35.22,,,,,TIPO_DATO15__MAGEMBR_FROM2017_N1,'Età media delle spose, ponderata con i quozienti specifici di nuzialità.Per gli anni 2010-2016 si può cliccare sul Tipo dato e selezionare l"'indicatore corrispondente',,,,,,
A,Annuale,ITE2,Umbria,MAGEMBR_FROM2017,Età  media al matrimonio spose (tutte le età),2020,36.95,,,,,TIPO_DATO15__MAGEMBR_FROM2017_N1,'Età media delle spose, ponderata con i quozienti specifici di nuzialità.Per gli anni 2010-2016 si può cliccare sul Tipo dato e selezionare l"'indicatore corrispondente',,,,,,
A,Annuale,ITE2,Umbria,MAGEMBR_FROM2017,Età  media al matrimonio spose (tutte le età),2021,35.63,,,,,TIPO_DATO15__MAGEMBR_FROM2017_N1,'Età media delle spose, ponderata con i quozienti specifici di nuzialità.Per gli anni 2010-2016 si può cliccare sul Tipo dato e selezionare l"'indicatore corrispondente',,,,,,
A,Annuale,ITE2,Umbria,MAGEMBR_FROM2017,Età  media al matrimonio spose (tutte le età),2022,35.95,,,,,TIPO_DATO15__MAGEMBR_FROM2017_N1,'Età media delle spose, ponderata con i quozienti specifici di nuzialità.Per gli anni 2010-2016 si può cliccare sul Tipo dato e selezionare l"'indicatore corrispondente',,,,,,
A,Annuale,ITE2,Umbria,MAGEMBR_FROM2017,Età  media al matrimonio spose (tutte le età),2023,36.39,e,Dato stimato,,,TIPO_DATO15__MAGEMBR_FROM2017_N1,'Età media delle spose, ponderata con i quozienti specifici di nuzialità.Per gli anni 2010-2016 si può cliccare sul Tipo dato e selezionare l"'indicatore corrispondente',,,,,,
A,Annuale,ITE3,Marche,CMARRGP_FROM2017,Matrimoni civili (%),2004,29.8,,,,,,,,,,,,
A,Annuale,ITE3,Marche,CMARRGP_FROM2017,Matrimoni civili (%),2005,29.9,,,,,,,,,,,,
A,Annuale,ITE3,Marche,CMARRGP_FROM2017,Matrimoni civili (%),2006,30.3,,,,,,,,,,,,
A,Annuale,ITE3,Marche,CMARRGP_FROM2017,Matrimoni civili (%),2007,32.2,,,,,,,,,,,,
A,Annuale,ITE3,Marche,CMARRGP_FROM2017,Matrimoni civili (%),2008,36.1,,,,,,,,,,,,
A,Annuale,ITE3,Marche,CMARRGP_FROM2017,Matrimoni civili (%),2009,35.4,,,,,,,,,,,,
A,Annuale,ITE3,Marche,CMARRGP_FROM2017,Matrimoni civili (%),2010,32,,,,,,,,,,,,
A,Annuale,ITE3,Marche,CMARRGP_FROM2017,Matrimoni civili (%),2011,37.6,,,,,,,,,,,,
A,Annuale,ITE3,Marche,CMARRGP_FROM2017,Matrimoni civili (%),2012,38.9,,,,,,,,,,,,
A,Annuale,ITE3,Marche,CMARRGP_FROM2017,Matrimoni civili (%),2013,41.1,,,,,,,,,,,,
A,Annuale,ITE3,Marche,CMARRGP_FROM2017,Matrimoni civili (%),2014,40.1,,,,,,,,,,,,
A,Annuale,ITE3,Marche,CMARRGP_FROM2017,Matrimoni civili (%),2015,42.2,,,,,,,,,,,,
A,Annuale,ITE3,Marche,CMARRGP_FROM2017,Matrimoni civili (%),2016,44.4,,,,,,,,,,,,
A,Annuale,ITE3,Marche,CMARRGP_FROM2017,Matrimoni civili (%),2017,49,,,,,,,,,,,,
A,Annuale,ITE3,Marche,CMARRGP_FROM2017,Matrimoni civili (%),2018,50.3,,,,,,,,,,,,
A,Annuale,ITE3,Marche,CMARRGP_FROM2017,Matrimoni civili (%),2019,53.6,,,,,,,,,,,,
A,Annuale,ITE3,Marche,CMARRGP_FROM2017,Matrimoni civili (%),2020,71.8,,,,,,,,,,,,
A,Annuale,ITE3,Marche,CMARRGP_FROM2017,Matrimoni civili (%),2021,54.6,,,,,,,,,,,,
A,Annuale,ITE3,Marche,CMARRGP_FROM2017,Matrimoni civili (%),2022,56.3,,,,,,,,,,,,
A,Annuale,ITE3,Marche,CMARRGP_FROM2017,Matrimoni civili (%),2023,58.4,,,,,,,,,,,,
A,Annuale,ITE3,Marche,NUPT_TOTM_FROM2017,Tasso di nuzialità  totale sposi-valori per mille,2004,495.3,,,,,,,,,,,,
A,Annuale,ITE3,Marche,NUPT_TOTM_FROM2017,Tasso di nuzialità  totale sposi-valori per mille,2005,500.1,,,,,,,,,,,,
A,Annuale,ITE3,Marche,NUPT_TOTM_FROM2017,Tasso di nuzialità  totale sposi-valori per mille,2006,524,,,,,,,,,,,,
A,Annuale,ITE3,Marche,NUPT_TOTM_FROM2017,Tasso di nuzialità  totale sposi-valori per mille,2007,501.2,,,,,,,,,,,,
A,Annuale,ITE3,Marche,NUPT_TOTM_FROM2017,Tasso di nuzialità  totale sposi-valori per mille,2008,503.7,,,,,,,,,,,,
A,Annuale,ITE3,Marche,NUPT_TOTM_FROM2017,Tasso di nuzialità  totale sposi-valori per mille,2009,470,,,,,,,,,,,,
A,Annuale,ITE3,Marche,NUPT_TOTM_FROM2017,Tasso di nuzialità  totale sposi-valori per mille,2010,430.7,,,,,,,,,,,,
A,Annuale,ITE3,Marche,NUPT_TOTM_FROM2017,Tasso di nuzialità  totale sposi-valori per mille,2011,416.7,,,,,,,,,,,,
A,Annuale,ITE3,Marche,NUPT_TOTM_FROM2017,Tasso di nuzialità  totale sposi-valori per mille,2012,410.5,,,,,,,,,,,,
A,Annuale,ITE3,Marche,NUPT_TOTM_FROM2017,Tasso di nuzialità  totale sposi-valori per mille,2013,393,,,,,,,,,,,,
A,Annuale,ITE3,Marche,NUPT_TOTM_FROM2017,Tasso di nuzialità  totale sposi-valori per mille,2014,384.7,,,,,,,,,,,,
A,Annuale,ITE3,Marche,NUPT_TOTM_FROM2017,Tasso di nuzialità  totale sposi-valori per mille,2015,397.6,,,,,,,,,,,,
A,Annuale,ITE3,Marche,NUPT_TOTM_FROM2017,Tasso di nuzialità  totale sposi-valori per mille,2016,418.7,,,,,,,,,,,,
A,Annuale,ITE3,Marche,NUPT_TOTM_FROM2017,Tasso di nuzialità  totale sposi-valori per mille,2017,378.5,,,,,,,,,,,,
A,Annuale,ITE3,Marche,NUPT_TOTM_FROM2017,Tasso di nuzialità  totale sposi-valori per mille,2018,405.1,,,,,,,,,,,,
A,Annuale,ITE3,Marche,NUPT_TOTM_FROM2017,Tasso di nuzialità  totale sposi-valori per mille,2019,363.3,,,,,,,,,,,,
A,Annuale,ITE3,Marche,NUPT_TOTM_FROM2017,Tasso di nuzialità  totale sposi-valori per mille,2020,166.2,,,,,,,,,,,,
A,Annuale,ITE3,Marche,NUPT_TOTM_FROM2017,Tasso di nuzialità  totale sposi-valori per mille,2021,364.1,,,,,,,,,,,,
A,Annuale,ITE3,Marche,NUPT_TOTM_FROM2017,Tasso di nuzialità  totale sposi-valori per mille,2022,404.9,,,,,,,,,,,,
A,Annuale,ITE3,Marche,NUPT_TOTM_FROM2017,Tasso di nuzialità  totale sposi-valori per mille,2023,377.4,e,Dato stimato,,,,,,,,,,
A,Annuale,ITE3,Marche,NUPT_TOTW_FROM2017,Tasso di nuzialità totale spose-valori per mille,2004,559.9,,,,,,,,,,,,
A,Annuale,ITE3,Marche,NUPT_TOTW_FROM2017,Tasso di nuzialità totale spose-valori per mille,2005,567.9,,,,,,,,,,,,
A,Annuale,ITE3,Marche,NUPT_TOTW_FROM2017,Tasso di nuzialità totale spose-valori per mille,2006,594.9,,,,,,,,,,,,
A,Annuale,ITE3,Marche,NUPT_TOTW_FROM2017,Tasso di nuzialità totale spose-valori per mille,2007,566.2,,,,,,,,,,,,
A,Annuale,ITE3,Marche,NUPT_TOTW_FROM2017,Tasso di nuzialità totale spose-valori per mille,2008,574.4,,,,,,,,,,,,
A,Annuale,ITE3,Marche,NUPT_TOTW_FROM2017,Tasso di nuzialità totale spose-valori per mille,2009,531.8,,,,,,,,,,,,
A,Annuale,ITE3,Marche,NUPT_TOTW_FROM2017,Tasso di nuzialità totale spose-valori per mille,2010,485.1,,,,,,,,,,,,
A,Annuale,ITE3,Marche,NUPT_TOTW_FROM2017,Tasso di nuzialità totale spose-valori per mille,2011,470,,,,,,,,,,,,
A,Annuale,ITE3,Marche,NUPT_TOTW_FROM2017,Tasso di nuzialità totale spose-valori per mille,2012,462.3,,,,,,,,,,,,
A,Annuale,ITE3,Marche,NUPT_TOTW_FROM2017,Tasso di nuzialità totale spose-valori per mille,2013,445.6,,,,,,,,,,,,
A,Annuale,ITE3,Marche,NUPT_TOTW_FROM2017,Tasso di nuzialità totale spose-valori per mille,2014,430.6,,,,,,,,,,,,
A,Annuale,ITE3,Marche,NUPT_TOTW_FROM2017,Tasso di nuzialità totale spose-valori per mille,2015,451.5,,,,,,,,,,,,
A,Annuale,ITE3,Marche,NUPT_TOTW_FROM2017,Tasso di nuzialità totale spose-valori per mille,2016,473.2,,,,,,,,,,,,
A,Annuale,ITE3,Marche,NUPT_TOTW_FROM2017,Tasso di nuzialità totale spose-valori per mille,2017,431.5,,,,,,,,,,,,
A,Annuale,ITE3,Marche,NUPT_TOTW_FROM2017,Tasso di nuzialità totale spose-valori per mille,2018,461.1,,,,,,,,,,,,
A,Annuale,ITE3,Marche,NUPT_TOTW_FROM2017,Tasso di nuzialità totale spose-valori per mille,2019,419.2,,,,,,,,,,,,
A,Annuale,ITE3,Marche,NUPT_TOTW_FROM2017,Tasso di nuzialità totale spose-valori per mille,2020,199.1,,,,,,,,,,,,
A,Annuale,ITE3,Marche,NUPT_TOTW_FROM2017,Tasso di nuzialità totale spose-valori per mille,2021,420.6,,,,,,,,,,,,
A,Annuale,ITE3,Marche,NUPT_TOTW_FROM2017,Tasso di nuzialità totale spose-valori per mille,2022,472.7,,,,,,,,,,,,
A,Annuale,ITE3,Marche,NUPT_TOTW_FROM2017,Tasso di nuzialità totale spose-valori per mille,2023,442.3,e,Dato stimato,,,,,,,,,,
A,Annuale,ITE3,Marche,MAGEMBRGR_FROM2017,Età  media al matrimonio sposi (tutte le età),2004,34.29,,,,,TIPO_DATO15__MAGEMBRGR_FROM2017_N1,'Età media delle spose, ponderata con i quozienti specifici di nuzialità.Per gli anni 2010-2016 si può cliccare sul Tipo dato e selezionare l"'indicatore corrispondente',,,,,,
A,Annuale,ITE3,Marche,MAGEMBRGR_FROM2017,Età  media al matrimonio sposi (tutte le età),2005,34.41,,,,,TIPO_DATO15__MAGEMBRGR_FROM2017_N1,'Età media delle spose, ponderata con i quozienti specifici di nuzialità.Per gli anni 2010-2016 si può cliccare sul Tipo dato e selezionare l"'indicatore corrispondente',,,,,,
A,Annuale,ITE3,Marche,MAGEMBRGR_FROM2017,Età  media al matrimonio sposi (tutte le età),2006,34.57,,,,,TIPO_DATO15__MAGEMBRGR_FROM2017_N1,'Età media delle spose, ponderata con i quozienti specifici di nuzialità.Per gli anni 2010-2016 si può cliccare sul Tipo dato e selezionare l"'indicatore corrispondente',,,,,,
A,Annuale,ITE3,Marche,MAGEMBRGR_FROM2017,Età  media al matrimonio sposi (tutte le età),2007,35.04,,,,,TIPO_DATO15__MAGEMBRGR_FROM2017_N1,'Età media delle spose, ponderata con i quozienti specifici di nuzialità.Per gli anni 2010-2016 si può cliccare sul Tipo dato e selezionare l"'indicatore corrispondente',,,,,,
A,Annuale,ITE3,Marche,MAGEMBRGR_FROM2017,Età  media al matrimonio sposi (tutte le età),2008,35.35,,,,,TIPO_DATO15__MAGEMBRGR_FROM2017_N1,'Età media delle spose, ponderata con i quozienti specifici di nuzialità.Per gli anni 2010-2016 si può cliccare sul Tipo dato e selezionare l"'indicatore corrispondente',,,,,,
A,Annuale,ITE3,Marche,MAGEMBRGR_FROM2017,Età  media al matrimonio sposi (tutte le età),2009,35.5,,,,,TIPO_DATO15__MAGEMBRGR_FROM2017_N1,'Età media delle spose, ponderata con i quozienti specifici di nuzialità.Per gli anni 2010-2016 si può cliccare sul Tipo dato e selezionare l"'indicatore corrispondente',,,,,,
A,Annuale,ITE3,Marche,MAGEMBRGR_FROM2017,Età  media al matrimonio sposi (tutte le età),2010,35.58,,,,,TIPO_DATO15__MAGEMBRGR_FROM2017_N1,'Età media delle spose, ponderata con i quozienti specifici di nuzialità.Per gli anni 2010-2016 si può cliccare sul Tipo dato e selezionare l"'indicatore corrispondente',,,,,,
A,Annuale,ITE3,Marche,MAGEMBRGR_FROM2017,Età  media al matrimonio sposi (tutte le età),2011,36.47,,,,,TIPO_DATO15__MAGEMBRGR_FROM2017_N1,'Età media delle spose, ponderata con i quozienti specifici di nuzialità.Per gli anni 2010-2016 si può cliccare sul Tipo dato e selezionare l"'indicatore corrispondente',,,,,,
A,Annuale,ITE3,Marche,MAGEMBRGR_FROM2017,Età  media al matrimonio sposi (tutte le età),2012,36.29,,,,,TIPO_DATO15__MAGEMBRGR_FROM2017_N1,'Età media delle spose, ponderata con i quozienti specifici di nuzialità.Per gli anni 2010-2016 si può cliccare sul Tipo dato e selezionare l"'indicatore corrispondente',,,,,,
A,Annuale,ITE3,Marche,MAGEMBRGR_FROM2017,Età  media al matrimonio sposi (tutte le età),2013,37.02,,,,,TIPO_DATO15__MAGEMBRGR_FROM2017_N1,'Età media delle spose, ponderata con i quozienti specifici di nuzialità.Per gli anni 2010-2016 si può cliccare sul Tipo dato e selezionare l"'indicatore corrispondente',,,,,,
A,Annuale,ITE3,Marche,MAGEMBRGR_FROM2017,Età  media al matrimonio sposi (tutte le età),2014,36.79,,,,,TIPO_DATO15__MAGEMBRGR_FROM2017_N1,'Età media delle spose, ponderata con i quozienti specifici di nuzialità.Per gli anni 2010-2016 si può cliccare sul Tipo dato e selezionare l"'indicatore corrispondente',,,,,,
A,Annuale,ITE3,Marche,MAGEMBRGR_FROM2017,Età  media al matrimonio sposi (tutte le età),2015,37.29,,,,,TIPO_DATO15__MAGEMBRGR_FROM2017_N1,'Età media delle spose, ponderata con i quozienti specifici di nuzialità.Per gli anni 2010-2016 si può cliccare sul Tipo dato e selezionare l"'indicatore corrispondente',,,,,,
A,Annuale,ITE3,Marche,MAGEMBRGR_FROM2017,Età  media al matrimonio sposi (tutte le età),2016,37.66,,,,,TIPO_DATO15__MAGEMBRGR_FROM2017_N1,'Età media delle spose, ponderata con i quozienti specifici di nuzialità.Per gli anni 2010-2016 si può cliccare sul Tipo dato e selezionare l"'indicatore corrispondente',,,,,,
A,Annuale,ITE3,Marche,MAGEMBRGR_FROM2017,Età  media al matrimonio sposi (tutte le età),2017,38.49,,,,,TIPO_DATO15__MAGEMBRGR_FROM2017_N1,'Età media delle spose, ponderata con i quozienti specifici di nuzialità.Per gli anni 2010-2016 si può cliccare sul Tipo dato e selezionare l"'indicatore corrispondente',,,,,,
A,Annuale,ITE3,Marche,MAGEMBRGR_FROM2017,Età  media al matrimonio sposi (tutte le età),2018,38.6,,,,,TIPO_DATO15__MAGEMBRGR_FROM2017_N1,'Età media delle spose, ponderata con i quozienti specifici di nuzialità.Per gli anni 2010-2016 si può cliccare sul Tipo dato e selezionare l"'indicatore corrispondente',,,,,,
A,Annuale,ITE3,Marche,MAGEMBRGR_FROM2017,Età  media al matrimonio sposi (tutte le età),2019,39.46,,,,,TIPO_DATO15__MAGEMBRGR_FROM2017_N1,'Età media delle spose, ponderata con i quozienti specifici di nuzialità.Per gli anni 2010-2016 si può cliccare sul Tipo dato e selezionare l"'indicatore corrispondente',,,,,,
A,Annuale,ITE3,Marche,MAGEMBRGR_FROM2017,Età  media al matrimonio sposi (tutte le età),2020,41.85,,,,,TIPO_DATO15__MAGEMBRGR_FROM2017_N1,'Età media delle spose, ponderata con i quozienti specifici di nuzialità.Per gli anni 2010-2016 si può cliccare sul Tipo dato e selezionare l"'indicatore corrispondente',,,,,,
A,Annuale,ITE3,Marche,MAGEMBRGR_FROM2017,Età  media al matrimonio sposi (tutte le età),2021,39.69,,,,,TIPO_DATO15__MAGEMBRGR_FROM2017_N1,'Età media delle spose, ponderata con i quozienti specifici di nuzialità.Per gli anni 2010-2016 si può cliccare sul Tipo dato e selezionare l"'indicatore corrispondente',,,,,,
A,Annuale,ITE3,Marche,MAGEMBRGR_FROM2017,Età  media al matrimonio sposi (tutte le età),2022,40.29,,,,,TIPO_DATO15__MAGEMBRGR_FROM2017_N1,'Età media delle spose, ponderata con i quozienti specifici di nuzialità.Per gli anni 2010-2016 si può cliccare sul Tipo dato e selezionare l"'indicatore corrispondente',,,,,,
A,Annuale,ITE3,Marche,MAGEMBRGR_FROM2017,Età  media al matrimonio sposi (tutte le età),2023,41.05,e,Dato stimato,,,TIPO_DATO15__MAGEMBRGR_FROM2017_N1,'Età media delle spose, ponderata con i quozienti specifici di nuzialità.Per gli anni 2010-2016 si può cliccare sul Tipo dato e selezionare l"'indicatore corrispondente',,,,,,
A,Annuale,ITE3,Marche,MAGEMBR_FROM2017,Età  media al matrimonio spose (tutte le età),2004,30.09,,,,,TIPO_DATO15__MAGEMBR_FROM2017_N1,'Età media delle spose, ponderata con i quozienti specifici di nuzialità.Per gli anni 2010-2016 si può cliccare sul Tipo dato e selezionare l"'indicatore corrispondente',,,,,,
A,Annuale,ITE3,Marche,MAGEMBR_FROM2017,Età  media al matrimonio spose (tutte le età),2005,30.32,,,,,TIPO_DATO15__MAGEMBR_FROM2017_N1,'Età media delle spose, ponderata con i quozienti specifici di nuzialità.Per gli anni 2010-2016 si può cliccare sul Tipo dato e selezionare l"'indicatore corrispondente',,,,,,
A,Annuale,ITE3,Marche,MAGEMBR_FROM2017,Età  media al matrimonio spose (tutte le età),2006,30.63,,,,,TIPO_DATO15__MAGEMBR_FROM2017_N1,'Età media delle spose, ponderata con i quozienti specifici di nuzialità.Per gli anni 2010-2016 si può cliccare sul Tipo dato e selezionare l"'indicatore corrispondente',,,,,,
A,Annuale,ITE3,Marche,MAGEMBR_FROM2017,Età  media al matrimonio spose (tutte le età),2007,31.1,,,,,TIPO_DATO15__MAGEMBR_FROM2017_N1,'Età media delle spose, ponderata con i quozienti specifici di nuzialità.Per gli anni 2010-2016 si può cliccare sul Tipo dato e selezionare l"'indicatore corrispondente',,,,,,
A,Annuale,ITE3,Marche,MAGEMBR_FROM2017,Età  media al matrimonio spose (tutte le età),2008,31.36,,,,,TIPO_DATO15__MAGEMBR_FROM2017_N1,'Età media delle spose, ponderata con i quozienti specifici di nuzialità.Per gli anni 2010-2016 si può cliccare sul Tipo dato e selezionare l"'indicatore corrispondente',,,,,,
A,Annuale,ITE3,Marche,MAGEMBR_FROM2017,Età  media al matrimonio spose (tutte le età),2009,31.41,,,,,TIPO_DATO15__MAGEMBR_FROM2017_N1,'Età media delle spose, ponderata con i quozienti specifici di nuzialità.Per gli anni 2010-2016 si può cliccare sul Tipo dato e selezionare l"'indicatore corrispondente',,,,,,
A,Annuale,ITE3,Marche,MAGEMBR_FROM2017,Età  media al matrimonio spose (tutte le età),2010,31.6,,,,,TIPO_DATO15__MAGEMBR_FROM2017_N1,'Età media delle spose, ponderata con i quozienti specifici di nuzialità.Per gli anni 2010-2016 si può cliccare sul Tipo dato e selezionare l"'indicatore corrispondente',,,,,,
A,Annuale,ITE3,Marche,MAGEMBR_FROM2017,Età  media al matrimonio spose (tutte le età),2011,32.24,,,,,TIPO_DATO15__MAGEMBR_FROM2017_N1,'Età media delle spose, ponderata con i quozienti specifici di nuzialità.Per gli anni 2010-2016 si può cliccare sul Tipo dato e selezionare l"'indicatore corrispondente',,,,,,
A,Annuale,ITE3,Marche,MAGEMBR_FROM2017,Età  media al matrimonio spose (tutte le età),2012,32.09,,,,,TIPO_DATO15__MAGEMBR_FROM2017_N1,'Età media delle spose, ponderata con i quozienti specifici di nuzialità.Per gli anni 2010-2016 si può cliccare sul Tipo dato e selezionare l"'indicatore corrispondente',,,,,,
A,Annuale,ITE3,Marche,MAGEMBR_FROM2017,Età  media al matrimonio spose (tutte le età),2013,32.74,,,,,TIPO_DATO15__MAGEMBR_FROM2017_N1,'Età media delle spose, ponderata con i quozienti specifici di nuzialità.Per gli anni 2010-2016 si può cliccare sul Tipo dato e selezionare l"'indicatore corrispondente',,,,,,
A,Annuale,ITE3,Marche,MAGEMBR_FROM2017,Età  media al matrimonio spose (tutte le età),2014,32.85,,,,,TIPO_DATO15__MAGEMBR_FROM2017_N1,'Età media delle spose, ponderata con i quozienti specifici di nuzialità.Per gli anni 2010-2016 si può cliccare sul Tipo dato e selezionare l"'indicatore corrispondente',,,,,,
A,Annuale,ITE3,Marche,MAGEMBR_FROM2017,Età  media al matrimonio spose (tutte le età),2015,33.04,,,,,TIPO_DATO15__MAGEMBR_FROM2017_N1,'Età media delle spose, ponderata con i quozienti specifici di nuzialità.Per gli anni 2010-2016 si può cliccare sul Tipo dato e selezionare l"'indicatore corrispondente',,,,,,
A,Annuale,ITE3,Marche,MAGEMBR_FROM2017,Età  media al matrimonio spose (tutte le età),2016,33.53,,,,,TIPO_DATO15__MAGEMBR_FROM2017_N1,'Età media delle spose, ponderata con i quozienti specifici di nuzialità.Per gli anni 2010-2016 si può cliccare sul Tipo dato e selezionare l"'indicatore corrispondente',,,,,,
A,Annuale,ITE3,Marche,MAGEMBR_FROM2017,Età  media al matrimonio spose (tutte le età),2017,34.06,,,,,TIPO_DATO15__MAGEMBR_FROM2017_N1,'Età media delle spose, ponderata con i quozienti specifici di nuzialità.Per gli anni 2010-2016 si può cliccare sul Tipo dato e selezionare l"'indicatore corrispondente',,,,,,
A,Annuale,ITE3,Marche,MAGEMBR_FROM2017,Età  media al matrimonio spose (tutte le età),2018,34.3,,,,,TIPO_DATO15__MAGEMBR_FROM2017_N1,'Età media delle spose, ponderata con i quozienti specifici di nuzialità.Per gli anni 2010-2016 si può cliccare sul Tipo dato e selezionare l"'indicatore corrispondente',,,,,,
A,Annuale,ITE3,Marche,MAGEMBR_FROM2017,Età  media al matrimonio spose (tutte le età),2019,34.99,,,,,TIPO_DATO15__MAGEMBR_FROM2017_N1,'Età media delle spose, ponderata con i quozienti specifici di nuzialità.Per gli anni 2010-2016 si può cliccare sul Tipo dato e selezionare l"'indicatore corrispondente',,,,,,
A,Annuale,ITE3,Marche,MAGEMBR_FROM2017,Età  media al matrimonio spose (tutte le età),2020,36.36,,,,,TIPO_DATO15__MAGEMBR_FROM2017_N1,'Età media delle spose, ponderata con i quozienti specifici di nuzialità.Per gli anni 2010-2016 si può cliccare sul Tipo dato e selezionare l"'indicatore corrispondente',,,,,,
A,Annuale,ITE3,Marche,MAGEMBR_FROM2017,Età  media al matrimonio spose (tutte le età),2021,35.36,,,,,TIPO_DATO15__MAGEMBR_FROM2017_N1,'Età media delle spose, ponderata con i quozienti specifici di nuzialità.Per gli anni 2010-2016 si può cliccare sul Tipo dato e selezionare l"'indicatore corrispondente',,,,,,
A,Annuale,ITE3,Marche,MAGEMBR_FROM2017,Età  media al matrimonio spose (tutte le età),2022,35.94,,,,,TIPO_DATO15__MAGEMBR_FROM2017_N1,'Età media delle spose, ponderata con i quozienti specifici di nuzialità.Per gli anni 2010-2016 si può cliccare sul Tipo dato e selezionare l"'indicatore corrispondente',,,,,,
A,Annuale,ITE3,Marche,MAGEMBR_FROM2017,Età  media al matrimonio spose (tutte le età),2023,36.56,e,Dato stimato,,,TIPO_DATO15__MAGEMBR_FROM2017_N1,'Età media delle spose, ponderata con i quozienti specifici di nuzialità.Per gli anni 2010-2016 si può cliccare sul Tipo dato e selezionare l"'indicatore corrispondente',,,,,,
A,Annuale,ITE4,Lazio,CMARRGP_FROM2017,Matrimoni civili (%),2004,35.1,,,,,,,,,,,,
A,Annuale,ITE4,Lazio,CMARRGP_FROM2017,Matrimoni civili (%),2005,36.5,,,,,,,,,,,,
A,Annuale,ITE4,Lazio,CMARRGP_FROM2017,Matrimoni civili (%),2006,37.7,,,,,,,,,,,,
A,Annuale,ITE4,Lazio,CMARRGP_FROM2017,Matrimoni civili (%),2007,37.7,,,,,,,,,,,,
A,Annuale,ITE4,Lazio,CMARRGP_FROM2017,Matrimoni civili (%),2008,41.1,,,,,,,,,,,,
A,Annuale,ITE4,Lazio,CMARRGP_FROM2017,Matrimoni civili (%),2009,42,,,,,,,,,,,,
A,Annuale,ITE4,Lazio,CMARRGP_FROM2017,Matrimoni civili (%),2010,41.2,,,,,,,,,,,,
A,Annuale,ITE4,Lazio,CMARRGP_FROM2017,Matrimoni civili (%),2011,43.9,,,,,,,,,,,,
A,Annuale,ITE4,Lazio,CMARRGP_FROM2017,Matrimoni civili (%),2012,47.2,,,,,,,,,,,,
A,Annuale,ITE4,Lazio,CMARRGP_FROM2017,Matrimoni civili (%),2013,49,,,,,,,,,,,,
A,Annuale,ITE4,Lazio,CMARRGP_FROM2017,Matrimoni civili (%),2014,49.1,,,,,,,,,,,,
A,Annuale,ITE4,Lazio,CMARRGP_FROM2017,Matrimoni civili (%),2015,51.3,,,,,,,,,,,,
A,Annuale,ITE4,Lazio,CMARRGP_FROM2017,Matrimoni civili (%),2016,54.2,,,,,,,,,,,,
A,Annuale,ITE4,Lazio,CMARRGP_FROM2017,Matrimoni civili (%),2017,56.6,,,,,,,,,,,,
A,Annuale,ITE4,Lazio,CMARRGP_FROM2017,Matrimoni civili (%),2018,57.6,,,,,,,,,,,,
A,Annuale,ITE4,Lazio,CMARRGP_FROM2017,Matrimoni civili (%),2019,59.7,,,,,,,,,,,,
A,Annuale,ITE4,Lazio,CMARRGP_FROM2017,Matrimoni civili (%),2020,77.3,,,,,,,,,,,,
A,Annuale,ITE4,Lazio,CMARRGP_FROM2017,Matrimoni civili (%),2021,65.6,,,,,,,,,,,,
A,Annuale,ITE4,Lazio,CMARRGP_FROM2017,Matrimoni civili (%),2022,66,,,,,,,,,,,,
A,Annuale,ITE4,Lazio,CMARRGP_FROM2017,Matrimoni civili (%),2023,66.9,,,,,,,,,,,,
A,Annuale,ITE4,Lazio,NUPT_TOTM_FROM2017,Tasso di nuzialità  totale sposi-valori per mille,2004,563.6,,,,,,,,,,,,
A,Annuale,ITE4,Lazio,NUPT_TOTM_FROM2017,Tasso di nuzialità  totale sposi-valori per mille,2005,560.9,,,,,,,,,,,,
A,Annuale,ITE4,Lazio,NUPT_TOTM_FROM2017,Tasso di nuzialità  totale sposi-valori per mille,2006,566,,,,,,,,,,,,
A,Annuale,ITE4,Lazio,NUPT_TOTM_FROM2017,Tasso di nuzialità  totale sposi-valori per mille,2007,574.5,,,,,,,,,,,,
A,Annuale,ITE4,Lazio,NUPT_TOTM_FROM2017,Tasso di nuzialità  totale sposi-valori per mille,2008,542.2,,,,,,,,,,,,
A,Annuale,ITE4,Lazio,NUPT_TOTM_FROM2017,Tasso di nuzialità  totale sposi-valori per mille,2009,506.8,,,,,,,,,,,,
A,Annuale,ITE4,Lazio,NUPT_TOTM_FROM2017,Tasso di nuzialità  totale sposi-valori per mille,2010,462.7,,,,,,,,,,,,
A,Annuale,ITE4,Lazio,NUPT_TOTM_FROM2017,Tasso di nuzialità  totale sposi-valori per mille,2011,449.4,,,,,,,,,,,,
A,Annuale,ITE4,Lazio,NUPT_TOTM_FROM2017,Tasso di nuzialità  totale sposi-valori per mille,2012,459.4,,,,,,,,,,,,
A,Annuale,ITE4,Lazio,NUPT_TOTM_FROM2017,Tasso di nuzialità  totale sposi-valori per mille,2013,407.3,,,,,,,,,,,,
A,Annuale,ITE4,Lazio,NUPT_TOTM_FROM2017,Tasso di nuzialità  totale sposi-valori per mille,2014,378.3,,,,,,,,,,,,
A,Annuale,ITE4,Lazio,NUPT_TOTM_FROM2017,Tasso di nuzialità  totale sposi-valori per mille,2015,378.6,,,,,,,,,,,,
A,Annuale,ITE4,Lazio,NUPT_TOTM_FROM2017,Tasso di nuzialità  totale sposi-valori per mille,2016,389.4,,,,,,,,,,,,
A,Annuale,ITE4,Lazio,NUPT_TOTM_FROM2017,Tasso di nuzialità  totale sposi-valori per mille,2017,382.6,,,,,,,,,,,,
A,Annuale,ITE4,Lazio,NUPT_TOTM_FROM2017,Tasso di nuzialità  totale sposi-valori per mille,2018,379.5,,,,,,,,,,,,
A,Annuale,ITE4,Lazio,NUPT_TOTM_FROM2017,Tasso di nuzialità  totale sposi-valori per mille,2019,360.7,,,,,,,,,,,,
A,Annuale,ITE4,Lazio,NUPT_TOTM_FROM2017,Tasso di nuzialità  totale sposi-valori per mille,2020,182.9,,,,,,,,,,,,
A,Annuale,ITE4,Lazio,NUPT_TOTM_FROM2017,Tasso di nuzialità  totale sposi-valori per mille,2021,333.6,,,,,,,,,,,,
A,Annuale,ITE4,Lazio,NUPT_TOTM_FROM2017,Tasso di nuzialità  totale sposi-valori per mille,2022,372.5,,,,,,,,,,,,
A,Annuale,ITE4,Lazio,NUPT_TOTM_FROM2017,Tasso di nuzialità  totale sposi-valori per mille,2023,362.9,e,Dato stimato,,,,,,,,,,
A,Annuale,ITE4,Lazio,NUPT_TOTW_FROM2017,Tasso di nuzialità totale spose-valori per mille,2004,608.1,,,,,,,,,,,,
A,Annuale,ITE4,Lazio,NUPT_TOTW_FROM2017,Tasso di nuzialità totale spose-valori per mille,2005,609.2,,,,,,,,,,,,
A,Annuale,ITE4,Lazio,NUPT_TOTW_FROM2017,Tasso di nuzialità totale spose-valori per mille,2006,616.6,,,,,,,,,,,,
A,Annuale,ITE4,Lazio,NUPT_TOTW_FROM2017,Tasso di nuzialità totale spose-valori per mille,2007,627.1,,,,,,,,,,,,
A,Annuale,ITE4,Lazio,NUPT_TOTW_FROM2017,Tasso di nuzialità totale spose-valori per mille,2008,592.7,,,,,,,,,,,,
A,Annuale,ITE4,Lazio,NUPT_TOTW_FROM2017,Tasso di nuzialità totale spose-valori per mille,2009,555.2,,,,,,,,,,,,
A,Annuale,ITE4,Lazio,NUPT_TOTW_FROM2017,Tasso di nuzialità totale spose-valori per mille,2010,509.1,,,,,,,,,,,,
A,Annuale,ITE4,Lazio,NUPT_TOTW_FROM2017,Tasso di nuzialità totale spose-valori per mille,2011,497.1,,,,,,,,,,,,
A,Annuale,ITE4,Lazio,NUPT_TOTW_FROM2017,Tasso di nuzialità totale spose-valori per mille,2012,509.3,,,,,,,,,,,,
A,Annuale,ITE4,Lazio,NUPT_TOTW_FROM2017,Tasso di nuzialità totale spose-valori per mille,2013,456.4,,,,,,,,,,,,
A,Annuale,ITE4,Lazio,NUPT_TOTW_FROM2017,Tasso di nuzialità totale spose-valori per mille,2014,427.9,,,,,,,,,,,,
A,Annuale,ITE4,Lazio,NUPT_TOTW_FROM2017,Tasso di nuzialità totale spose-valori per mille,2015,430.1,,,,,,,,,,,,
A,Annuale,ITE4,Lazio,NUPT_TOTW_FROM2017,Tasso di nuzialità totale spose-valori per mille,2016,444.8,,,,,,,,,,,,
A,Annuale,ITE4,Lazio,NUPT_TOTW_FROM2017,Tasso di nuzialità totale spose-valori per mille,2017,438.7,,,,,,,,,,,,
A,Annuale,ITE4,Lazio,NUPT_TOTW_FROM2017,Tasso di nuzialità totale spose-valori per mille,2018,437.2,,,,,,,,,,,,
A,Annuale,ITE4,Lazio,NUPT_TOTW_FROM2017,Tasso di nuzialità totale spose-valori per mille,2019,412.7,,,,,,,,,,,,
A,Annuale,ITE4,Lazio,NUPT_TOTW_FROM2017,Tasso di nuzialità totale spose-valori per mille,2020,216.5,,,,,,,,,,,,
A,Annuale,ITE4,Lazio,NUPT_TOTW_FROM2017,Tasso di nuzialità totale spose-valori per mille,2021,384.4,,,,,,,,,,,,
A,Annuale,ITE4,Lazio,NUPT_TOTW_FROM2017,Tasso di nuzialità totale spose-valori per mille,2022,432.2,,,,,,,,,,,,
A,Annuale,ITE4,Lazio,NUPT_TOTW_FROM2017,Tasso di nuzialità totale spose-valori per mille,2023,425.1,e,Dato stimato,,,,,,,,,,
A,Annuale,ITE4,Lazio,MAGEMBRGR_FROM2017,Età  media al matrimonio sposi (tutte le età),2004,35.42,,,,,TIPO_DATO15__MAGEMBRGR_FROM2017_N1,'Età media delle spose, ponderata con i quozienti specifici di nuzialità.Per gli anni 2010-2016 si può cliccare sul Tipo dato e selezionare l"'indicatore corrispondente',,,,,,
A,Annuale,ITE4,Lazio,MAGEMBRGR_FROM2017,Età  media al matrimonio sposi (tutte le età),2005,36.1,,,,,TIPO_DATO15__MAGEMBRGR_FROM2017_N1,'Età media delle spose, ponderata con i quozienti specifici di nuzialità.Per gli anni 2010-2016 si può cliccare sul Tipo dato e selezionare l"'indicatore corrispondente',,,,,,
A,Annuale,ITE4,Lazio,MAGEMBRGR_FROM2017,Età  media al matrimonio sposi (tutte le età),2006,36.28,,,,,TIPO_DATO15__MAGEMBRGR_FROM2017_N1,'Età media delle spose, ponderata con i quozienti specifici di nuzialità.Per gli anni 2010-2016 si può cliccare sul Tipo dato e selezionare l"'indicatore corrispondente',,,,,,
A,Annuale,ITE4,Lazio,MAGEMBRGR_FROM2017,Età  media al matrimonio sposi (tutte le età),2007,36.24,,,,,TIPO_DATO15__MAGEMBRGR_FROM2017_N1,'Età media delle spose, ponderata con i quozienti specifici di nuzialità.Per gli anni 2010-2016 si può cliccare sul Tipo dato e selezionare l"'indicatore corrispondente',,,,,,
A,Annuale,ITE4,Lazio,MAGEMBRGR_FROM2017,Età  media al matrimonio sposi (tutte le età),2008,36.61,,,,,TIPO_DATO15__MAGEMBRGR_FROM2017_N1,'Età media delle spose, ponderata con i quozienti specifici di nuzialità.Per gli anni 2010-2016 si può cliccare sul Tipo dato e selezionare l"'indicatore corrispondente',,,,,,
A,Annuale,ITE4,Lazio,MAGEMBRGR_FROM2017,Età  media al matrimonio sposi (tutte le età),2009,36.88,,,,,TIPO_DATO15__MAGEMBRGR_FROM2017_N1,'Età media delle spose, ponderata con i quozienti specifici di nuzialità.Per gli anni 2010-2016 si può cliccare sul Tipo dato e selezionare l"'indicatore corrispondente',,,,,,
A,Annuale,ITE4,Lazio,MAGEMBRGR_FROM2017,Età  media al matrimonio sposi (tutte le età),2010,37.27,,,,,TIPO_DATO15__MAGEMBRGR_FROM2017_N1,'Età media delle spose, ponderata con i quozienti specifici di nuzialità.Per gli anni 2010-2016 si può cliccare sul Tipo dato e selezionare l"'indicatore corrispondente',,,,,,
A,Annuale,ITE4,Lazio,MAGEMBRGR_FROM2017,Età  media al matrimonio sposi (tutte le età),2011,37.53,,,,,TIPO_DATO15__MAGEMBRGR_FROM2017_N1,'Età media delle spose, ponderata con i quozienti specifici di nuzialità.Per gli anni 2010-2016 si può cliccare sul Tipo dato e selezionare l"'indicatore corrispondente',,,,,,
A,Annuale,ITE4,Lazio,MAGEMBRGR_FROM2017,Età  media al matrimonio sposi (tutte le età),2012,37.65,,,,,TIPO_DATO15__MAGEMBRGR_FROM2017_N1,'Età media delle spose, ponderata con i quozienti specifici di nuzialità.Per gli anni 2010-2016 si può cliccare sul Tipo dato e selezionare l"'indicatore corrispondente',,,,,,
A,Annuale,ITE4,Lazio,MAGEMBRGR_FROM2017,Età  media al matrimonio sposi (tutte le età),2013,38.11,,,,,TIPO_DATO15__MAGEMBRGR_FROM2017_N1,'Età media delle spose, ponderata con i quozienti specifici di nuzialità.Per gli anni 2010-2016 si può cliccare sul Tipo dato e selezionare l"'indicatore corrispondente',,,,,,
A,Annuale,ITE4,Lazio,MAGEMBRGR_FROM2017,Età  media al matrimonio sposi (tutte le età),2014,38.47,,,,,TIPO_DATO15__MAGEMBRGR_FROM2017_N1,'Età media delle spose, ponderata con i quozienti specifici di nuzialità.Per gli anni 2010-2016 si può cliccare sul Tipo dato e selezionare l"'indicatore corrispondente',,,,,,
A,Annuale,ITE4,Lazio,MAGEMBRGR_FROM2017,Età  media al matrimonio sposi (tutte le età),2015,38.94,,,,,TIPO_DATO15__MAGEMBRGR_FROM2017_N1,'Età media delle spose, ponderata con i quozienti specifici di nuzialità.Per gli anni 2010-2016 si può cliccare sul Tipo dato e selezionare l"'indicatore corrispondente',,,,,,
A,Annuale,ITE4,Lazio,MAGEMBRGR_FROM2017,Età  media al matrimonio sposi (tutte le età),2016,39.23,,,,,TIPO_DATO15__MAGEMBRGR_FROM2017_N1,'Età media delle spose, ponderata con i quozienti specifici di nuzialità.Per gli anni 2010-2016 si può cliccare sul Tipo dato e selezionare l"'indicatore corrispondente',,,,,,
A,Annuale,ITE4,Lazio,MAGEMBRGR_FROM2017,Età  media al matrimonio sposi (tutte le età),2017,39.86,,,,,TIPO_DATO15__MAGEMBRGR_FROM2017_N1,'Età media delle spose, ponderata con i quozienti specifici di nuzialità.Per gli anni 2010-2016 si può cliccare sul Tipo dato e selezionare l"'indicatore corrispondente',,,,,,
A,Annuale,ITE4,Lazio,MAGEMBRGR_FROM2017,Età  media al matrimonio sposi (tutte le età),2018,40.19,,,,,TIPO_DATO15__MAGEMBRGR_FROM2017_N1,'Età media delle spose, ponderata con i quozienti specifici di nuzialità.Per gli anni 2010-2016 si può cliccare sul Tipo dato e selezionare l"'indicatore corrispondente',,,,,,
A,Annuale,ITE4,Lazio,MAGEMBRGR_FROM2017,Età  media al matrimonio sposi (tutte le età),2019,40.51,,,,,TIPO_DATO15__MAGEMBRGR_FROM2017_N1,'Età media delle spose, ponderata con i quozienti specifici di nuzialità.Per gli anni 2010-2016 si può cliccare sul Tipo dato e selezionare l"'indicatore corrispondente',,,,,,
A,Annuale,ITE4,Lazio,MAGEMBRGR_FROM2017,Età  media al matrimonio sposi (tutte le età),2020,43.27,,,,,TIPO_DATO15__MAGEMBRGR_FROM2017_N1,'Età media delle spose, ponderata con i quozienti specifici di nuzialità.Per gli anni 2010-2016 si può cliccare sul Tipo dato e selezionare l"'indicatore corrispondente',,,,,,
A,Annuale,ITE4,Lazio,MAGEMBRGR_FROM2017,Età  media al matrimonio sposi (tutte le età),2021,41.22,,,,,TIPO_DATO15__MAGEMBRGR_FROM2017_N1,'Età media delle spose, ponderata con i quozienti specifici di nuzialità.Per gli anni 2010-2016 si può cliccare sul Tipo dato e selezionare l"'indicatore corrispondente',,,,,,
A,Annuale,ITE4,Lazio,MAGEMBRGR_FROM2017,Età  media al matrimonio sposi (tutte le età),2022,41.63,,,,,TIPO_DATO15__MAGEMBRGR_FROM2017_N1,'Età media delle spose, ponderata con i quozienti specifici di nuzialità.Per gli anni 2010-2016 si può cliccare sul Tipo dato e selezionare l"'indicatore corrispondente',,,,,,
A,Annuale,ITE4,Lazio,MAGEMBRGR_FROM2017,Età  media al matrimonio sposi (tutte le età),2023,42.16,e,Dato stimato,,,TIPO_DATO15__MAGEMBRGR_FROM2017_N1,'Età media delle spose, ponderata con i quozienti specifici di nuzialità.Per gli anni 2010-2016 si può cliccare sul Tipo dato e selezionare l"'indicatore corrispondente',,,,,,
A,Annuale,ITE4,Lazio,MAGEMBR_FROM2017,Età  media al matrimonio spose (tutte le età),2004,30.93,,,,,TIPO_DATO15__MAGEMBR_FROM2017_N1,'Età media delle spose, ponderata con i quozienti specifici di nuzialità.Per gli anni 2010-2016 si può cliccare sul Tipo dato e selezionare l"'indicatore corrispondente',,,,,,
A,Annuale,ITE4,Lazio,MAGEMBR_FROM2017,Età  media al matrimonio spose (tutte le età),2005,31.21,,,,,TIPO_DATO15__MAGEMBR_FROM2017_N1,'Età media delle spose, ponderata con i quozienti specifici di nuzialità.Per gli anni 2010-2016 si può cliccare sul Tipo dato e selezionare l"'indicatore corrispondente',,,,,,
A,Annuale,ITE4,Lazio,MAGEMBR_FROM2017,Età  media al matrimonio spose (tutte le età),2006,31.42,,,,,TIPO_DATO15__MAGEMBR_FROM2017_N1,'Età media delle spose, ponderata con i quozienti specifici di nuzialità.Per gli anni 2010-2016 si può cliccare sul Tipo dato e selezionare l"'indicatore corrispondente',,,,,,
A,Annuale,ITE4,Lazio,MAGEMBR_FROM2017,Età  media al matrimonio spose (tutte le età),2007,31.63,,,,,TIPO_DATO15__MAGEMBR_FROM2017_N1,'Età media delle spose, ponderata con i quozienti specifici di nuzialità.Per gli anni 2010-2016 si può cliccare sul Tipo dato e selezionare l"'indicatore corrispondente',,,,,,
A,Annuale,ITE4,Lazio,MAGEMBR_FROM2017,Età  media al matrimonio spose (tutte le età),2008,32.07,,,,,TIPO_DATO15__MAGEMBR_FROM2017_N1,'Età media delle spose, ponderata con i quozienti specifici di nuzialità.Per gli anni 2010-2016 si può cliccare sul Tipo dato e selezionare l"'indicatore corrispondente',,,,,,
A,Annuale,ITE4,Lazio,MAGEMBR_FROM2017,Età  media al matrimonio spose (tutte le età),2009,32.32,,,,,TIPO_DATO15__MAGEMBR_FROM2017_N1,'Età media delle spose, ponderata con i quozienti specifici di nuzialità.Per gli anni 2010-2016 si può cliccare sul Tipo dato e selezionare l"'indicatore corrispondente',,,,,,
A,Annuale,ITE4,Lazio,MAGEMBR_FROM2017,Età  media al matrimonio spose (tutte le età),2010,32.56,,,,,TIPO_DATO15__MAGEMBR_FROM2017_N1,'Età media delle spose, ponderata con i quozienti specifici di nuzialità.Per gli anni 2010-2016 si può cliccare sul Tipo dato e selezionare l"'indicatore corrispondente',,,,,,
A,Annuale,ITE4,Lazio,MAGEMBR_FROM2017,Età  media al matrimonio spose (tutte le età),2011,32.91,,,,,TIPO_DATO15__MAGEMBR_FROM2017_N1,'Età media delle spose, ponderata con i quozienti specifici di nuzialità.Per gli anni 2010-2016 si può cliccare sul Tipo dato e selezionare l"'indicatore corrispondente',,,,,,
A,Annuale,ITE4,Lazio,MAGEMBR_FROM2017,Età  media al matrimonio spose (tutte le età),2012,33.12,,,,,TIPO_DATO15__MAGEMBR_FROM2017_N1,'Età media delle spose, ponderata con i quozienti specifici di nuzialità.Per gli anni 2010-2016 si può cliccare sul Tipo dato e selezionare l"'indicatore corrispondente',,,,,,
A,Annuale,ITE4,Lazio,MAGEMBR_FROM2017,Età  media al matrimonio spose (tutte le età),2013,33.47,,,,,TIPO_DATO15__MAGEMBR_FROM2017_N1,'Età media delle spose, ponderata con i quozienti specifici di nuzialità.Per gli anni 2010-2016 si può cliccare sul Tipo dato e selezionare l"'indicatore corrispondente',,,,,,
A,Annuale,ITE4,Lazio,MAGEMBR_FROM2017,Età  media al matrimonio spose (tutte le età),2014,33.84,,,,,TIPO_DATO15__MAGEMBR_FROM2017_N1,'Età media delle spose, ponderata con i quozienti specifici di nuzialità.Per gli anni 2010-2016 si può cliccare sul Tipo dato e selezionare l"'indicatore corrispondente',,,,,,
A,Annuale,ITE4,Lazio,MAGEMBR_FROM2017,Età  media al matrimonio spose (tutte le età),2015,34.13,,,,,TIPO_DATO15__MAGEMBR_FROM2017_N1,'Età media delle spose, ponderata con i quozienti specifici di nuzialità.Per gli anni 2010-2016 si può cliccare sul Tipo dato e selezionare l"'indicatore corrispondente',,,,,,
A,Annuale,ITE4,Lazio,MAGEMBR_FROM2017,Età  media al matrimonio spose (tutte le età),2016,34.47,,,,,TIPO_DATO15__MAGEMBR_FROM2017_N1,'Età media delle spose, ponderata con i quozienti specifici di nuzialità.Per gli anni 2010-2016 si può cliccare sul Tipo dato e selezionare l"'indicatore corrispondente',,,,,,
A,Annuale,ITE4,Lazio,MAGEMBR_FROM2017,Età  media al matrimonio spose (tutte le età),2017,34.97,,,,,TIPO_DATO15__MAGEMBR_FROM2017_N1,'Età media delle spose, ponderata con i quozienti specifici di nuzialità.Per gli anni 2010-2016 si può cliccare sul Tipo dato e selezionare l"'indicatore corrispondente',,,,,,
A,Annuale,ITE4,Lazio,MAGEMBR_FROM2017,Età  media al matrimonio spose (tutte le età),2018,35.27,,,,,TIPO_DATO15__MAGEMBR_FROM2017_N1,'Età media delle spose, ponderata con i quozienti specifici di nuzialità.Per gli anni 2010-2016 si può cliccare sul Tipo dato e selezionare l"'indicatore corrispondente',,,,,,
A,Annuale,ITE4,Lazio,MAGEMBR_FROM2017,Età  media al matrimonio spose (tutte le età),2019,35.49,,,,,TIPO_DATO15__MAGEMBR_FROM2017_N1,'Età media delle spose, ponderata con i quozienti specifici di nuzialità.Per gli anni 2010-2016 si può cliccare sul Tipo dato e selezionare l"'indicatore corrispondente',,,,,,
A,Annuale,ITE4,Lazio,MAGEMBR_FROM2017,Età  media al matrimonio spose (tutte le età),2020,37.38,,,,,TIPO_DATO15__MAGEMBR_FROM2017_N1,'Età media delle spose, ponderata con i quozienti specifici di nuzialità.Per gli anni 2010-2016 si può cliccare sul Tipo dato e selezionare l"'indicatore corrispondente',,,,,,
A,Annuale,ITE4,Lazio,MAGEMBR_FROM2017,Età  media al matrimonio spose (tutte le età),2021,36.29,,,,,TIPO_DATO15__MAGEMBR_FROM2017_N1,'Età media delle spose, ponderata con i quozienti specifici di nuzialità.Per gli anni 2010-2016 si può cliccare sul Tipo dato e selezionare l"'indicatore corrispondente',,,,,,
A,Annuale,ITE4,Lazio,MAGEMBR_FROM2017,Età  media al matrimonio spose (tutte le età),2022,36.76,,,,,TIPO_DATO15__MAGEMBR_FROM2017_N1,'Età media delle spose, ponderata con i quozienti specifici di nuzialità.Per gli anni 2010-2016 si può cliccare sul Tipo dato e selezionare l"'indicatore corrispondente',,,,,,
A,Annuale,ITE4,Lazio,MAGEMBR_FROM2017,Età  media al matrimonio spose (tutte le età),2023,37.25,e,Dato stimato,,,TIPO_DATO15__MAGEMBR_FROM2017_N1,'Età media delle spose, ponderata con i quozienti specifici di nuzialità.Per gli anni 2010-2016 si può cliccare sul Tipo dato e selezionare l"'indicatore corrispondente',,,,,,
A,Annuale,ITF1,Abruzzo,CMARRGP_FROM2017,Matrimoni civili (%),2004,23.6,,,,,,,,,,,,
A,Annuale,ITF1,Abruzzo,CMARRGP_FROM2017,Matrimoni civili (%),2005,24.2,,,,,,,,,,,,
A,Annuale,ITF1,Abruzzo,CMARRGP_FROM2017,Matrimoni civili (%),2006,26.8,,,,,,,,,,,,
A,Annuale,ITF1,Abruzzo,CMARRGP_FROM2017,Matrimoni civili (%),2007,25.8,,,,,,,,,,,,
A,Annuale,ITF1,Abruzzo,CMARRGP_FROM2017,Matrimoni civili (%),2008,25.5,,,,,,,,,,,,
A,Annuale,ITF1,Abruzzo,CMARRGP_FROM2017,Matrimoni civili (%),2009,28.4,,,,,,,,,,,,
A,Annuale,ITF1,Abruzzo,CMARRGP_FROM2017,Matrimoni civili (%),2010,31,,,,,,,,,,,,
A,Annuale,ITF1,Abruzzo,CMARRGP_FROM2017,Matrimoni civili (%),2011,33.5,,,,,,,,,,,,
A,Annuale,ITF1,Abruzzo,CMARRGP_FROM2017,Matrimoni civili (%),2012,34.2,,,,,,,,,,,,
A,Annuale,ITF1,Abruzzo,CMARRGP_FROM2017,Matrimoni civili (%),2013,32.8,,,,,,,,,,,,
A,Annuale,ITF1,Abruzzo,CMARRGP_FROM2017,Matrimoni civili (%),2014,34,,,,,,,,,,,,
A,Annuale,ITF1,Abruzzo,CMARRGP_FROM2017,Matrimoni civili (%),2015,36.3,,,,,,,,,,,,
A,Annuale,ITF1,Abruzzo,CMARRGP_FROM2017,Matrimoni civili (%),2016,41.1,,,,,,,,,,,,
A,Annuale,ITF1,Abruzzo,CMARRGP_FROM2017,Matrimoni civili (%),2017,43,,,,,,,,,,,,
A,Annuale,ITF1,Abruzzo,CMARRGP_FROM2017,Matrimoni civili (%),2018,43.4,,,,,,,,,,,,
A,Annuale,ITF1,Abruzzo,CMARRGP_FROM2017,Matrimoni civili (%),2019,47.3,,,,,,,,,,,,
A,Annuale,ITF1,Abruzzo,CMARRGP_FROM2017,Matrimoni civili (%),2020,75.5,,,,,,,,,,,,
A,Annuale,ITF1,Abruzzo,CMARRGP_FROM2017,Matrimoni civili (%),2021,51.3,,,,,,,,,,,,
A,Annuale,ITF1,Abruzzo,CMARRGP_FROM2017,Matrimoni civili (%),2022,51.4,,,,,,,,,,,,
A,Annuale,ITF1,Abruzzo,CMARRGP_FROM2017,Matrimoni civili (%),2023,54.3,,,,,,,,,,,,
A,Annuale,ITF1,Abruzzo,NUPT_TOTM_FROM2017,Tasso di nuzialità  totale sposi-valori per mille,2004,527.7,,,,,,,,,,,,
A,Annuale,ITF1,Abruzzo,NUPT_TOTM_FROM2017,Tasso di nuzialità  totale sposi-valori per mille,2005,547.7,,,,,,,,,,,,
A,Annuale,ITF1,Abruzzo,NUPT_TOTM_FROM2017,Tasso di nuzialità  totale sposi-valori per mille,2006,548.5,,,,,,,,,,,,
A,Annuale,ITF1,Abruzzo,NUPT_TOTM_FROM2017,Tasso di nuzialità  totale sposi-valori per mille,2007,541.3,,,,,,,,,,,,
A,Annuale,ITF1,Abruzzo,NUPT_TOTM_FROM2017,Tasso di nuzialità  totale sposi-valori per mille,2008,510.8,,,,,,,,,,,,
A,Annuale,ITF1,Abruzzo,NUPT_TOTM_FROM2017,Tasso di nuzialità  totale sposi-valori per mille,2009,489.1,,,,,,,,,,,,
A,Annuale,ITF1,Abruzzo,NUPT_TOTM_FROM2017,Tasso di nuzialità  totale sposi-valori per mille,2010,469.8,,,,,,,,,,,,
A,Annuale,ITF1,Abruzzo,NUPT_TOTM_FROM2017,Tasso di nuzialità  totale sposi-valori per mille,2011,415.5,,,,,,,,,,,,
A,Annuale,ITF1,Abruzzo,NUPT_TOTM_FROM2017,Tasso di nuzialità  totale sposi-valori per mille,2012,431.3,,,,,,,,,,,,
A,Annuale,ITF1,Abruzzo,NUPT_TOTM_FROM2017,Tasso di nuzialità  totale sposi-valori per mille,2013,441.2,,,,,,,,,,,,
A,Annuale,ITF1,Abruzzo,NUPT_TOTM_FROM2017,Tasso di nuzialità  totale sposi-valori per mille,2014,408,,,,,,,,,,,,
A,Annuale,ITF1,Abruzzo,NUPT_TOTM_FROM2017,Tasso di nuzialità  totale sposi-valori per mille,2015,415.2,,,,,,,,,,,,
A,Annuale,ITF1,Abruzzo,NUPT_TOTM_FROM2017,Tasso di nuzialità  totale sposi-valori per mille,2016,443,,,,,,,,,,,,
A,Annuale,ITF1,Abruzzo,NUPT_TOTM_FROM2017,Tasso di nuzialità  totale sposi-valori per mille,2017,403.9,,,,,,,,,,,,
A,Annuale,ITF1,Abruzzo,NUPT_TOTM_FROM2017,Tasso di nuzialità  totale sposi-valori per mille,2018,423.2,,,,,,,,,,,,
A,Annuale,ITF1,Abruzzo,NUPT_TOTM_FROM2017,Tasso di nuzialità  totale sposi-valori per mille,2019,409.7,,,,,,,,,,,,
A,Annuale,ITF1,Abruzzo,NUPT_TOTM_FROM2017,Tasso di nuzialità  totale sposi-valori per mille,2020,174.3,,,,,,,,,,,,
A,Annuale,ITF1,Abruzzo,NUPT_TOTM_FROM2017,Tasso di nuzialità  totale sposi-valori per mille,2021,401,,,,,,,,,,,,
A,Annuale,ITF1,Abruzzo,NUPT_TOTM_FROM2017,Tasso di nuzialità  totale sposi-valori per mille,2022,427,,,,,,,,,,,,
A,Annuale,ITF1,Abruzzo,NUPT_TOTM_FROM2017,Tasso di nuzialità  totale sposi-valori per mille,2023,396.2,e,Dato stimato,,,,,,,,,,
A,Annuale,ITF1,Abruzzo,NUPT_TOTW_FROM2017,Tasso di nuzialità totale spose-valori per mille,2004,572.8,,,,,,,,,,,,
A,Annuale,ITF1,Abruzzo,NUPT_TOTW_FROM2017,Tasso di nuzialità totale spose-valori per mille,2005,603.1,,,,,,,,,,,,
A,Annuale,ITF1,Abruzzo,NUPT_TOTW_FROM2017,Tasso di nuzialità totale spose-valori per mille,2006,602.5,,,,,,,,,,,,
A,Annuale,ITF1,Abruzzo,NUPT_TOTW_FROM2017,Tasso di nuzialità totale spose-valori per mille,2007,596.5,,,,,,,,,,,,
A,Annuale,ITF1,Abruzzo,NUPT_TOTW_FROM2017,Tasso di nuzialità totale spose-valori per mille,2008,562.1,,,,,,,,,,,,
A,Annuale,ITF1,Abruzzo,NUPT_TOTW_FROM2017,Tasso di nuzialità totale spose-valori per mille,2009,540.4,,,,,,,,,,,,
A,Annuale,ITF1,Abruzzo,NUPT_TOTW_FROM2017,Tasso di nuzialità totale spose-valori per mille,2010,518.8,,,,,,,,,,,,
A,Annuale,ITF1,Abruzzo,NUPT_TOTW_FROM2017,Tasso di nuzialità totale spose-valori per mille,2011,462.1,,,,,,,,,,,,
A,Annuale,ITF1,Abruzzo,NUPT_TOTW_FROM2017,Tasso di nuzialità totale spose-valori per mille,2012,481.5,,,,,,,,,,,,
A,Annuale,ITF1,Abruzzo,NUPT_TOTW_FROM2017,Tasso di nuzialità totale spose-valori per mille,2013,492,,,,,,,,,,,,
A,Annuale,ITF1,Abruzzo,NUPT_TOTW_FROM2017,Tasso di nuzialità totale spose-valori per mille,2014,456.9,,,,,,,,,,,,
A,Annuale,ITF1,Abruzzo,NUPT_TOTW_FROM2017,Tasso di nuzialità totale spose-valori per mille,2015,466.1,,,,,,,,,,,,
A,Annuale,ITF1,Abruzzo,NUPT_TOTW_FROM2017,Tasso di nuzialità totale spose-valori per mille,2016,499,,,,,,,,,,,,
A,Annuale,ITF1,Abruzzo,NUPT_TOTW_FROM2017,Tasso di nuzialità totale spose-valori per mille,2017,458.2,,,,,,,,,,,,
A,Annuale,ITF1,Abruzzo,NUPT_TOTW_FROM2017,Tasso di nuzialità totale spose-valori per mille,2018,484.5,,,,,,,,,,,,
A,Annuale,ITF1,Abruzzo,NUPT_TOTW_FROM2017,Tasso di nuzialità totale spose-valori per mille,2019,473.6,,,,,,,,,,,,
A,Annuale,ITF1,Abruzzo,NUPT_TOTW_FROM2017,Tasso di nuzialità totale spose-valori per mille,2020,207.4,,,,,,,,,,,,
A,Annuale,ITF1,Abruzzo,NUPT_TOTW_FROM2017,Tasso di nuzialità totale spose-valori per mille,2021,460.7,,,,,,,,,,,,
A,Annuale,ITF1,Abruzzo,NUPT_TOTW_FROM2017,Tasso di nuzialità totale spose-valori per mille,2022,496.3,,,,,,,,,,,,
A,Annuale,ITF1,Abruzzo,NUPT_TOTW_FROM2017,Tasso di nuzialità totale spose-valori per mille,2023,463.6,e,Dato stimato,,,,,,,,,,
A,Annuale,ITF1,Abruzzo,MAGEMBRGR_FROM2017,Età  media al matrimonio sposi (tutte le età),2004,34.17,,,,,TIPO_DATO15__MAGEMBRGR_FROM2017_N1,'Età media delle spose, ponderata con i quozienti specifici di nuzialità.Per gli anni 2010-2016 si può cliccare sul Tipo dato e selezionare l"'indicatore corrispondente',,,,,,
A,Annuale,ITF1,Abruzzo,MAGEMBRGR_FROM2017,Età  media al matrimonio sposi (tutte le età),2005,34.43,,,,,TIPO_DATO15__MAGEMBRGR_FROM2017_N1,'Età media delle spose, ponderata con i quozienti specifici di nuzialità.Per gli anni 2010-2016 si può cliccare sul Tipo dato e selezionare l"'indicatore corrispondente',,,,,,
A,Annuale,ITF1,Abruzzo,MAGEMBRGR_FROM2017,Età  media al matrimonio sposi (tutte le età),2006,34.53,,,,,TIPO_DATO15__MAGEMBRGR_FROM2017_N1,'Età media delle spose, ponderata con i quozienti specifici di nuzialità.Per gli anni 2010-2016 si può cliccare sul Tipo dato e selezionare l"'indicatore corrispondente',,,,,,
A,Annuale,ITF1,Abruzzo,MAGEMBRGR_FROM2017,Età  media al matrimonio sposi (tutte le età),2007,34.41,,,,,TIPO_DATO15__MAGEMBRGR_FROM2017_N1,'Età media delle spose, ponderata con i quozienti specifici di nuzialità.Per gli anni 2010-2016 si può cliccare sul Tipo dato e selezionare l"'indicatore corrispondente',,,,,,
A,Annuale,ITF1,Abruzzo,MAGEMBRGR_FROM2017,Età  media al matrimonio sposi (tutte le età),2008,34.5,,,,,TIPO_DATO15__MAGEMBRGR_FROM2017_N1,'Età media delle spose, ponderata con i quozienti specifici di nuzialità.Per gli anni 2010-2016 si può cliccare sul Tipo dato e selezionare l"'indicatore corrispondente',,,,,,
A,Annuale,ITF1,Abruzzo,MAGEMBRGR_FROM2017,Età  media al matrimonio sposi (tutte le età),2009,35.28,,,,,TIPO_DATO15__MAGEMBRGR_FROM2017_N1,'Età media delle spose, ponderata con i quozienti specifici di nuzialità.Per gli anni 2010-2016 si può cliccare sul Tipo dato e selezionare l"'indicatore corrispondente',,,,,,
A,Annuale,ITF1,Abruzzo,MAGEMBRGR_FROM2017,Età  media al matrimonio sposi (tutte le età),2010,35.34,,,,,TIPO_DATO15__MAGEMBRGR_FROM2017_N1,'Età media delle spose, ponderata con i quozienti specifici di nuzialità.Per gli anni 2010-2016 si può cliccare sul Tipo dato e selezionare l"'indicatore corrispondente',,,,,,
A,Annuale,ITF1,Abruzzo,MAGEMBRGR_FROM2017,Età  media al matrimonio sposi (tutte le età),2011,35.81,,,,,TIPO_DATO15__MAGEMBRGR_FROM2017_N1,'Età media delle spose, ponderata con i quozienti specifici di nuzialità.Per gli anni 2010-2016 si può cliccare sul Tipo dato e selezionare l"'indicatore corrispondente',,,,,,
A,Annuale,ITF1,Abruzzo,MAGEMBRGR_FROM2017,Età  media al matrimonio sposi (tutte le età),2012,35.91,,,,,TIPO_DATO15__MAGEMBRGR_FROM2017_N1,'Età media delle spose, ponderata con i quozienti specifici di nuzialità.Per gli anni 2010-2016 si può cliccare sul Tipo dato e selezionare l"'indicatore corrispondente',,,,,,
A,Annuale,ITF1,Abruzzo,MAGEMBRGR_FROM2017,Età  media al matrimonio sposi (tutte le età),2013,35.82,,,,,TIPO_DATO15__MAGEMBRGR_FROM2017_N1,'Età media delle spose, ponderata con i quozienti specifici di nuzialità.Per gli anni 2010-2016 si può cliccare sul Tipo dato e selezionare l"'indicatore corrispondente',,,,,,
A,Annuale,ITF1,Abruzzo,MAGEMBRGR_FROM2017,Età  media al matrimonio sposi (tutte le età),2014,36.09,,,,,TIPO_DATO15__MAGEMBRGR_FROM2017_N1,'Età media delle spose, ponderata con i quozienti specifici di nuzialità.Per gli anni 2010-2016 si può cliccare sul Tipo dato e selezionare l"'indicatore corrispondente',,,,,,
A,Annuale,ITF1,Abruzzo,MAGEMBRGR_FROM2017,Età  media al matrimonio sposi (tutte le età),2015,36.34,,,,,TIPO_DATO15__MAGEMBRGR_FROM2017_N1,'Età media delle spose, ponderata con i quozienti specifici di nuzialità.Per gli anni 2010-2016 si può cliccare sul Tipo dato e selezionare l"'indicatore corrispondente',,,,,,
A,Annuale,ITF1,Abruzzo,MAGEMBRGR_FROM2017,Età  media al matrimonio sposi (tutte le età),2016,36.93,,,,,TIPO_DATO15__MAGEMBRGR_FROM2017_N1,'Età media delle spose, ponderata con i quozienti specifici di nuzialità.Per gli anni 2010-2016 si può cliccare sul Tipo dato e selezionare l"'indicatore corrispondente',,,,,,
A,Annuale,ITF1,Abruzzo,MAGEMBRGR_FROM2017,Età  media al matrimonio sposi (tutte le età),2017,37.62,,,,,TIPO_DATO15__MAGEMBRGR_FROM2017_N1,'Età media delle spose, ponderata con i quozienti specifici di nuzialità.Per gli anni 2010-2016 si può cliccare sul Tipo dato e selezionare l"'indicatore corrispondente',,,,,,
A,Annuale,ITF1,Abruzzo,MAGEMBRGR_FROM2017,Età  media al matrimonio sposi (tutte le età),2018,37.85,,,,,TIPO_DATO15__MAGEMBRGR_FROM2017_N1,'Età media delle spose, ponderata con i quozienti specifici di nuzialità.Per gli anni 2010-2016 si può cliccare sul Tipo dato e selezionare l"'indicatore corrispondente',,,,,,
A,Annuale,ITF1,Abruzzo,MAGEMBRGR_FROM2017,Età  media al matrimonio sposi (tutte le età),2019,39.01,,,,,TIPO_DATO15__MAGEMBRGR_FROM2017_N1,'Età media delle spose, ponderata con i quozienti specifici di nuzialità.Per gli anni 2010-2016 si può cliccare sul Tipo dato e selezionare l"'indicatore corrispondente',,,,,,
A,Annuale,ITF1,Abruzzo,MAGEMBRGR_FROM2017,Età  media al matrimonio sposi (tutte le età),2020,41.56,,,,,TIPO_DATO15__MAGEMBRGR_FROM2017_N1,'Età media delle spose, ponderata con i quozienti specifici di nuzialità.Per gli anni 2010-2016 si può cliccare sul Tipo dato e selezionare l"'indicatore corrispondente',,,,,,
A,Annuale,ITF1,Abruzzo,MAGEMBRGR_FROM2017,Età  media al matrimonio sposi (tutte le età),2021,38.66,,,,,TIPO_DATO15__MAGEMBRGR_FROM2017_N1,'Età media delle spose, ponderata con i quozienti specifici di nuzialità.Per gli anni 2010-2016 si può cliccare sul Tipo dato e selezionare l"'indicatore corrispondente',,,,,,
A,Annuale,ITF1,Abruzzo,MAGEMBRGR_FROM2017,Età  media al matrimonio sposi (tutte le età),2022,39.68,,,,,TIPO_DATO15__MAGEMBRGR_FROM2017_N1,'Età media delle spose, ponderata con i quozienti specifici di nuzialità.Per gli anni 2010-2016 si può cliccare sul Tipo dato e selezionare l"'indicatore corrispondente',,,,,,
A,Annuale,ITF1,Abruzzo,MAGEMBRGR_FROM2017,Età  media al matrimonio sposi (tutte le età),2023,40.52,e,Dato stimato,,,TIPO_DATO15__MAGEMBRGR_FROM2017_N1,'Età media delle spose, ponderata con i quozienti specifici di nuzialità.Per gli anni 2010-2016 si può cliccare sul Tipo dato e selezionare l"'indicatore corrispondente',,,,,,
A,Annuale,ITF1,Abruzzo,MAGEMBR_FROM2017,Età  media al matrimonio spose (tutte le età),2004,29.95,,,,,TIPO_DATO15__MAGEMBR_FROM2017_N1,'Età media delle spose, ponderata con i quozienti specifici di nuzialità.Per gli anni 2010-2016 si può cliccare sul Tipo dato e selezionare l"'indicatore corrispondente',,,,,,
A,Annuale,ITF1,Abruzzo,MAGEMBR_FROM2017,Età  media al matrimonio spose (tutte le età),2005,30.1,,,,,TIPO_DATO15__MAGEMBR_FROM2017_N1,'Età media delle spose, ponderata con i quozienti specifici di nuzialità.Per gli anni 2010-2016 si può cliccare sul Tipo dato e selezionare l"'indicatore corrispondente',,,,,,
A,Annuale,ITF1,Abruzzo,MAGEMBR_FROM2017,Età  media al matrimonio spose (tutte le età),2006,30.45,,,,,TIPO_DATO15__MAGEMBR_FROM2017_N1,'Età media delle spose, ponderata con i quozienti specifici di nuzialità.Per gli anni 2010-2016 si può cliccare sul Tipo dato e selezionare l"'indicatore corrispondente',,,,,,
A,Annuale,ITF1,Abruzzo,MAGEMBR_FROM2017,Età  media al matrimonio spose (tutte le età),2007,30.62,,,,,TIPO_DATO15__MAGEMBR_FROM2017_N1,'Età media delle spose, ponderata con i quozienti specifici di nuzialità.Per gli anni 2010-2016 si può cliccare sul Tipo dato e selezionare l"'indicatore corrispondente',,,,,,
A,Annuale,ITF1,Abruzzo,MAGEMBR_FROM2017,Età  media al matrimonio spose (tutte le età),2008,30.78,,,,,TIPO_DATO15__MAGEMBR_FROM2017_N1,'Età media delle spose, ponderata con i quozienti specifici di nuzialità.Per gli anni 2010-2016 si può cliccare sul Tipo dato e selezionare l"'indicatore corrispondente',,,,,,
A,Annuale,ITF1,Abruzzo,MAGEMBR_FROM2017,Età  media al matrimonio spose (tutte le età),2009,30.95,,,,,TIPO_DATO15__MAGEMBR_FROM2017_N1,'Età media delle spose, ponderata con i quozienti specifici di nuzialità.Per gli anni 2010-2016 si può cliccare sul Tipo dato e selezionare l"'indicatore corrispondente',,,,,,
A,Annuale,ITF1,Abruzzo,MAGEMBR_FROM2017,Età  media al matrimonio spose (tutte le età),2010,31.22,,,,,TIPO_DATO15__MAGEMBR_FROM2017_N1,'Età media delle spose, ponderata con i quozienti specifici di nuzialità.Per gli anni 2010-2016 si può cliccare sul Tipo dato e selezionare l"'indicatore corrispondente',,,,,,
A,Annuale,ITF1,Abruzzo,MAGEMBR_FROM2017,Età  media al matrimonio spose (tutte le età),2011,31.65,,,,,TIPO_DATO15__MAGEMBR_FROM2017_N1,'Età media delle spose, ponderata con i quozienti specifici di nuzialità.Per gli anni 2010-2016 si può cliccare sul Tipo dato e selezionare l"'indicatore corrispondente',,,,,,
A,Annuale,ITF1,Abruzzo,MAGEMBR_FROM2017,Età  media al matrimonio spose (tutte le età),2012,31.91,,,,,TIPO_DATO15__MAGEMBR_FROM2017_N1,'Età media delle spose, ponderata con i quozienti specifici di nuzialità.Per gli anni 2010-2016 si può cliccare sul Tipo dato e selezionare l"'indicatore corrispondente',,,,,,
A,Annuale,ITF1,Abruzzo,MAGEMBR_FROM2017,Età  media al matrimonio spose (tutte le età),2013,31.92,,,,,TIPO_DATO15__MAGEMBR_FROM2017_N1,'Età media delle spose, ponderata con i quozienti specifici di nuzialità.Per gli anni 2010-2016 si può cliccare sul Tipo dato e selezionare l"'indicatore corrispondente',,,,,,
A,Annuale,ITF1,Abruzzo,MAGEMBR_FROM2017,Età  media al matrimonio spose (tutte le età),2014,32.24,,,,,TIPO_DATO15__MAGEMBR_FROM2017_N1,'Età media delle spose, ponderata con i quozienti specifici di nuzialità.Per gli anni 2010-2016 si può cliccare sul Tipo dato e selezionare l"'indicatore corrispondente',,,,,,
A,Annuale,ITF1,Abruzzo,MAGEMBR_FROM2017,Età  media al matrimonio spose (tutte le età),2015,32.58,,,,,TIPO_DATO15__MAGEMBR_FROM2017_N1,'Età media delle spose, ponderata con i quozienti specifici di nuzialità.Per gli anni 2010-2016 si può cliccare sul Tipo dato e selezionare l"'indicatore corrispondente',,,,,,
A,Annuale,ITF1,Abruzzo,MAGEMBR_FROM2017,Età  media al matrimonio spose (tutte le età),2016,33.04,,,,,TIPO_DATO15__MAGEMBR_FROM2017_N1,'Età media delle spose, ponderata con i quozienti specifici di nuzialità.Per gli anni 2010-2016 si può cliccare sul Tipo dato e selezionare l"'indicatore corrispondente',,,,,,
A,Annuale,ITF1,Abruzzo,MAGEMBR_FROM2017,Età  media al matrimonio spose (tutte le età),2017,33.44,,,,,TIPO_DATO15__MAGEMBR_FROM2017_N1,'Età media delle spose, ponderata con i quozienti specifici di nuzialità.Per gli anni 2010-2016 si può cliccare sul Tipo dato e selezionare l"'indicatore corrispondente',,,,,,
A,Annuale,ITF1,Abruzzo,MAGEMBR_FROM2017,Età  media al matrimonio spose (tutte le età),2018,33.84,,,,,TIPO_DATO15__MAGEMBR_FROM2017_N1,'Età media delle spose, ponderata con i quozienti specifici di nuzialità.Per gli anni 2010-2016 si può cliccare sul Tipo dato e selezionare l"'indicatore corrispondente',,,,,,
A,Annuale,ITF1,Abruzzo,MAGEMBR_FROM2017,Età  media al matrimonio spose (tutte le età),2019,34.09,,,,,TIPO_DATO15__MAGEMBR_FROM2017_N1,'Età media delle spose, ponderata con i quozienti specifici di nuzialità.Per gli anni 2010-2016 si può cliccare sul Tipo dato e selezionare l"'indicatore corrispondente',,,,,,
A,Annuale,ITF1,Abruzzo,MAGEMBR_FROM2017,Età  media al matrimonio spose (tutte le età),2020,35.61,,,,,TIPO_DATO15__MAGEMBR_FROM2017_N1,'Età media delle spose, ponderata con i quozienti specifici di nuzialità.Per gli anni 2010-2016 si può cliccare sul Tipo dato e selezionare l"'indicatore corrispondente',,,,,,
A,Annuale,ITF1,Abruzzo,MAGEMBR_FROM2017,Età  media al matrimonio spose (tutte le età),2021,34.56,,,,,TIPO_DATO15__MAGEMBR_FROM2017_N1,'Età media delle spose, ponderata con i quozienti specifici di nuzialità.Per gli anni 2010-2016 si può cliccare sul Tipo dato e selezionare l"'indicatore corrispondente',,,,,,
A,Annuale,ITF1,Abruzzo,MAGEMBR_FROM2017,Età  media al matrimonio spose (tutte le età),2022,35.26,,,,,TIPO_DATO15__MAGEMBR_FROM2017_N1,'Età media delle spose, ponderata con i quozienti specifici di nuzialità.Per gli anni 2010-2016 si può cliccare sul Tipo dato e selezionare l"'indicatore corrispondente',,,,,,
A,Annuale,ITF1,Abruzzo,MAGEMBR_FROM2017,Età  media al matrimonio spose (tutte le età),2023,35.88,e,Dato stimato,,,TIPO_DATO15__MAGEMBR_FROM2017_N1,'Età media delle spose, ponderata con i quozienti specifici di nuzialità.Per gli anni 2010-2016 si può cliccare sul Tipo dato e selezionare l"'indicatore corrispondente',,,,,,
A,Annuale,ITF2,Molise,CMARRGP_FROM2017,Matrimoni civili (%),2004,19.6,,,,,,,,,,,,
A,Annuale,ITF2,Molise,CMARRGP_FROM2017,Matrimoni civili (%),2005,20.6,,,,,,,,,,,,
A,Annuale,ITF2,Molise,CMARRGP_FROM2017,Matrimoni civili (%),2006,20.1,,,,,,,,,,,,
A,Annuale,ITF2,Molise,CMARRGP_FROM2017,Matrimoni civili (%),2007,20.4,,,,,,,,,,,,
A,Annuale,ITF2,Molise,CMARRGP_FROM2017,Matrimoni civili (%),2008,17.9,,,,,,,,,,,,
A,Annuale,ITF2,Molise,CMARRGP_FROM2017,Matrimoni civili (%),2009,20.7,,,,,,,,,,,,
A,Annuale,ITF2,Molise,CMARRGP_FROM2017,Matrimoni civili (%),2010,20.3,,,,,,,,,,,,
A,Annuale,ITF2,Molise,CMARRGP_FROM2017,Matrimoni civili (%),2011,20.9,,,,,,,,,,,,
A,Annuale,ITF2,Molise,CMARRGP_FROM2017,Matrimoni civili (%),2012,22.6,,,,,,,,,,,,
A,Annuale,ITF2,Molise,CMARRGP_FROM2017,Matrimoni civili (%),2013,26.6,,,,,,,,,,,,
A,Annuale,ITF2,Molise,CMARRGP_FROM2017,Matrimoni civili (%),2014,25.9,,,,,,,,,,,,
A,Annuale,ITF2,Molise,CMARRGP_FROM2017,Matrimoni civili (%),2015,28.9,,,,,,,,,,,,
A,Annuale,ITF2,Molise,CMARRGP_FROM2017,Matrimoni civili (%),2016,31.4,,,,,,,,,,,,
A,Annuale,ITF2,Molise,CMARRGP_FROM2017,Matrimoni civili (%),2017,31.1,,,,,,,,,,,,
A,Annuale,ITF2,Molise,CMARRGP_FROM2017,Matrimoni civili (%),2018,29.4,,,,,,,,,,,,
A,Annuale,ITF2,Molise,CMARRGP_FROM2017,Matrimoni civili (%),2019,32.6,,,,,,,,,,,,
A,Annuale,ITF2,Molise,CMARRGP_FROM2017,Matrimoni civili (%),2020,71.8,,,,,,,,,,,,
A,Annuale,ITF2,Molise,CMARRGP_FROM2017,Matrimoni civili (%),2021,40.7,,,,,,,,,,,,
A,Annuale,ITF2,Molise,CMARRGP_FROM2017,Matrimoni civili (%),2022,39.1,,,,,,,,,,,,
A,Annuale,ITF2,Molise,CMARRGP_FROM2017,Matrimoni civili (%),2023,39.2,,,,,,,,,,,,
A,Annuale,ITF2,Molise,NUPT_TOTM_FROM2017,Tasso di nuzialità  totale sposi-valori per mille,2004,574.9,,,,,,,,,,,,
A,Annuale,ITF2,Molise,NUPT_TOTM_FROM2017,Tasso di nuzialità  totale sposi-valori per mille,2005,584.5,,,,,,,,,,,,
A,Annuale,ITF2,Molise,NUPT_TOTM_FROM2017,Tasso di nuzialità  totale sposi-valori per mille,2006,547,,,,,,,,,,,,
A,Annuale,ITF2,Molise,NUPT_TOTM_FROM2017,Tasso di nuzialità  totale sposi-valori per mille,2007,532.4,,,,,,,,,,,,
A,Annuale,ITF2,Molise,NUPT_TOTM_FROM2017,Tasso di nuzialità  totale sposi-valori per mille,2008,525.2,,,,,,,,,,,,
A,Annuale,ITF2,Molise,NUPT_TOTM_FROM2017,Tasso di nuzialità  totale sposi-valori per mille,2009,502.6,,,,,,,,,,,,
A,Annuale,ITF2,Molise,NUPT_TOTM_FROM2017,Tasso di nuzialità  totale sposi-valori per mille,2010,494.7,,,,,,,,,,,,
A,Annuale,ITF2,Molise,NUPT_TOTM_FROM2017,Tasso di nuzialità  totale sposi-valori per mille,2011,455.6,,,,,,,,,,,,
A,Annuale,ITF2,Molise,NUPT_TOTM_FROM2017,Tasso di nuzialità  totale sposi-valori per mille,2012,419.5,,,,,,,,,,,,
A,Annuale,ITF2,Molise,NUPT_TOTM_FROM2017,Tasso di nuzialità  totale sposi-valori per mille,2013,415.4,,,,,,,,,,,,
A,Annuale,ITF2,Molise,NUPT_TOTM_FROM2017,Tasso di nuzialità  totale sposi-valori per mille,2014,426.2,,,,,,,,,,,,
A,Annuale,ITF2,Molise,NUPT_TOTM_FROM2017,Tasso di nuzialità  totale sposi-valori per mille,2015,394.8,,,,,,,,,,,,
A,Annuale,ITF2,Molise,NUPT_TOTM_FROM2017,Tasso di nuzialità  totale sposi-valori per mille,2016,490.9,,,,,,,,,,,,
A,Annuale,ITF2,Molise,NUPT_TOTM_FROM2017,Tasso di nuzialità  totale sposi-valori per mille,2017,432.7,,,,,,,,,,,,
A,Annuale,ITF2,Molise,NUPT_TOTM_FROM2017,Tasso di nuzialità  totale sposi-valori per mille,2018,465.6,,,,,,,,,,,,
A,Annuale,ITF2,Molise,NUPT_TOTM_FROM2017,Tasso di nuzialità  totale sposi-valori per mille,2019,431.1,,,,,,,,,,,,
A,Annuale,ITF2,Molise,NUPT_TOTM_FROM2017,Tasso di nuzialità  totale sposi-valori per mille,2020,166.7,,,,,,,,,,,,
A,Annuale,ITF2,Molise,NUPT_TOTM_FROM2017,Tasso di nuzialità  totale sposi-valori per mille,2021,446.4,,,,,,,,,,,,
A,Annuale,ITF2,Molise,NUPT_TOTM_FROM2017,Tasso di nuzialità  totale sposi-valori per mille,2022,456.9,,,,,,,,,,,,
A,Annuale,ITF2,Molise,NUPT_TOTM_FROM2017,Tasso di nuzialità  totale sposi-valori per mille,2023,416.2,e,Dato stimato,,,,,,,,,,
A,Annuale,ITF2,Molise,NUPT_TOTW_FROM2017,Tasso di nuzialità totale spose-valori per mille,2004,624.3,,,,,,,,,,,,
A,Annuale,ITF2,Molise,NUPT_TOTW_FROM2017,Tasso di nuzialità totale spose-valori per mille,2005,633.6,,,,,,,,,,,,
A,Annuale,ITF2,Molise,NUPT_TOTW_FROM2017,Tasso di nuzialità totale spose-valori per mille,2006,603.6,,,,,,,,,,,,
A,Annuale,ITF2,Molise,NUPT_TOTW_FROM2017,Tasso di nuzialità totale spose-valori per mille,2007,584.3,,,,,,,,,,,,
A,Annuale,ITF2,Molise,NUPT_TOTW_FROM2017,Tasso di nuzialità totale spose-valori per mille,2008,577.5,,,,,,,,,,,,
A,Annuale,ITF2,Molise,NUPT_TOTW_FROM2017,Tasso di nuzialità totale spose-valori per mille,2009,551.4,,,,,,,,,,,,
A,Annuale,ITF2,Molise,NUPT_TOTW_FROM2017,Tasso di nuzialità totale spose-valori per mille,2010,545.5,,,,,,,,,,,,
A,Annuale,ITF2,Molise,NUPT_TOTW_FROM2017,Tasso di nuzialità totale spose-valori per mille,2011,502.1,,,,,,,,,,,,
A,Annuale,ITF2,Molise,NUPT_TOTW_FROM2017,Tasso di nuzialità totale spose-valori per mille,2012,461,,,,,,,,,,,,
A,Annuale,ITF2,Molise,NUPT_TOTW_FROM2017,Tasso di nuzialità totale spose-valori per mille,2013,460.4,,,,,,,,,,,,
A,Annuale,ITF2,Molise,NUPT_TOTW_FROM2017,Tasso di nuzialità totale spose-valori per mille,2014,476,,,,,,,,,,,,
A,Annuale,ITF2,Molise,NUPT_TOTW_FROM2017,Tasso di nuzialità totale spose-valori per mille,2015,450.6,,,,,,,,,,,,
A,Annuale,ITF2,Molise,NUPT_TOTW_FROM2017,Tasso di nuzialità totale spose-valori per mille,2016,556.7,,,,,,,,,,,,
A,Annuale,ITF2,Molise,NUPT_TOTW_FROM2017,Tasso di nuzialità totale spose-valori per mille,2017,507.4,,,,,,,,,,,,
A,Annuale,ITF2,Molise,NUPT_TOTW_FROM2017,Tasso di nuzialità totale spose-valori per mille,2018,542.6,,,,,,,,,,,,
A,Annuale,ITF2,Molise,NUPT_TOTW_FROM2017,Tasso di nuzialità totale spose-valori per mille,2019,491.8,,,,,,,,,,,,
A,Annuale,ITF2,Molise,NUPT_TOTW_FROM2017,Tasso di nuzialità totale spose-valori per mille,2020,204,,,,,,,,,,,,
A,Annuale,ITF2,Molise,NUPT_TOTW_FROM2017,Tasso di nuzialità totale spose-valori per mille,2021,516.4,,,,,,,,,,,,
A,Annuale,ITF2,Molise,NUPT_TOTW_FROM2017,Tasso di nuzialità totale spose-valori per mille,2022,544.4,,,,,,,,,,,,
A,Annuale,ITF2,Molise,NUPT_TOTW_FROM2017,Tasso di nuzialità totale spose-valori per mille,2023,495.3,e,Dato stimato,,,,,,,,,,
A,Annuale,ITF2,Molise,MAGEMBRGR_FROM2017,Età  media al matrimonio sposi (tutte le età),2004,34.02,,,,,TIPO_DATO15__MAGEMBRGR_FROM2017_N1,'Età media delle spose, ponderata con i quozienti specifici di nuzialità.Per gli anni 2010-2016 si può cliccare sul Tipo dato e selezionare l"'indicatore corrispondente',,,,,,
A,Annuale,ITF2,Molise,MAGEMBRGR_FROM2017,Età  media al matrimonio sposi (tutte le età),2005,33.37,,,,,TIPO_DATO15__MAGEMBRGR_FROM2017_N1,'Età media delle spose, ponderata con i quozienti specifici di nuzialità.Per gli anni 2010-2016 si può cliccare sul Tipo dato e selezionare l"'indicatore corrispondente',,,,,,
A,Annuale,ITF2,Molise,MAGEMBRGR_FROM2017,Età  media al matrimonio sposi (tutte le età),2006,33.94,,,,,TIPO_DATO15__MAGEMBRGR_FROM2017_N1,'Età media delle spose, ponderata con i quozienti specifici di nuzialità.Per gli anni 2010-2016 si può cliccare sul Tipo dato e selezionare l"'indicatore corrispondente',,,,,,
A,Annuale,ITF2,Molise,MAGEMBRGR_FROM2017,Età  media al matrimonio sposi (tutte le età),2007,33.88,,,,,TIPO_DATO15__MAGEMBRGR_FROM2017_N1,'Età media delle spose, ponderata con i quozienti specifici di nuzialità.Per gli anni 2010-2016 si può cliccare sul Tipo dato e selezionare l"'indicatore corrispondente',,,,,,
A,Annuale,ITF2,Molise,MAGEMBRGR_FROM2017,Età  media al matrimonio sposi (tutte le età),2008,34.15,,,,,TIPO_DATO15__MAGEMBRGR_FROM2017_N1,'Età media delle spose, ponderata con i quozienti specifici di nuzialità.Per gli anni 2010-2016 si può cliccare sul Tipo dato e selezionare l"'indicatore corrispondente',,,,,,
A,Annuale,ITF2,Molise,MAGEMBRGR_FROM2017,Età  media al matrimonio sposi (tutte le età),2009,34.07,,,,,TIPO_DATO15__MAGEMBRGR_FROM2017_N1,'Età media delle spose, ponderata con i quozienti specifici di nuzialità.Per gli anni 2010-2016 si può cliccare sul Tipo dato e selezionare l"'indicatore corrispondente',,,,,,
A,Annuale,ITF2,Molise,MAGEMBRGR_FROM2017,Età  media al matrimonio sposi (tutte le età),2010,34.9,,,,,TIPO_DATO15__MAGEMBRGR_FROM2017_N1,'Età media delle spose, ponderata con i quozienti specifici di nuzialità.Per gli anni 2010-2016 si può cliccare sul Tipo dato e selezionare l"'indicatore corrispondente',,,,,,
A,Annuale,ITF2,Molise,MAGEMBRGR_FROM2017,Età  media al matrimonio sposi (tutte le età),2011,34.55,,,,,TIPO_DATO15__MAGEMBRGR_FROM2017_N1,'Età media delle spose, ponderata con i quozienti specifici di nuzialità.Per gli anni 2010-2016 si può cliccare sul Tipo dato e selezionare l"'indicatore corrispondente',,,,,,
A,Annuale,ITF2,Molise,MAGEMBRGR_FROM2017,Età  media al matrimonio sposi (tutte le età),2012,34.86,,,,,TIPO_DATO15__MAGEMBRGR_FROM2017_N1,'Età media delle spose, ponderata con i quozienti specifici di nuzialità.Per gli anni 2010-2016 si può cliccare sul Tipo dato e selezionare l"'indicatore corrispondente',,,,,,
A,Annuale,ITF2,Molise,MAGEMBRGR_FROM2017,Età  media al matrimonio sposi (tutte le età),2013,35.16,,,,,TIPO_DATO15__MAGEMBRGR_FROM2017_N1,'Età media delle spose, ponderata con i quozienti specifici di nuzialità.Per gli anni 2010-2016 si può cliccare sul Tipo dato e selezionare l"'indicatore corrispondente',,,,,,
A,Annuale,ITF2,Molise,MAGEMBRGR_FROM2017,Età  media al matrimonio sposi (tutte le età),2014,35.39,,,,,TIPO_DATO15__MAGEMBRGR_FROM2017_N1,'Età media delle spose, ponderata con i quozienti specifici di nuzialità.Per gli anni 2010-2016 si può cliccare sul Tipo dato e selezionare l"'indicatore corrispondente',,,,,,
A,Annuale,ITF2,Molise,MAGEMBRGR_FROM2017,Età  media al matrimonio sposi (tutte le età),2015,35.96,,,,,TIPO_DATO15__MAGEMBRGR_FROM2017_N1,'Età media delle spose, ponderata con i quozienti specifici di nuzialità.Per gli anni 2010-2016 si può cliccare sul Tipo dato e selezionare l"'indicatore corrispondente',,,,,,
A,Annuale,ITF2,Molise,MAGEMBRGR_FROM2017,Età  media al matrimonio sposi (tutte le età),2016,36.85,,,,,TIPO_DATO15__MAGEMBRGR_FROM2017_N1,'Età media delle spose, ponderata con i quozienti specifici di nuzialità.Per gli anni 2010-2016 si può cliccare sul Tipo dato e selezionare l"'indicatore corrispondente',,,,,,
A,Annuale,ITF2,Molise,MAGEMBRGR_FROM2017,Età  media al matrimonio sposi (tutte le età),2017,36.68,,,,,TIPO_DATO15__MAGEMBRGR_FROM2017_N1,'Età media delle spose, ponderata con i quozienti specifici di nuzialità.Per gli anni 2010-2016 si può cliccare sul Tipo dato e selezionare l"'indicatore corrispondente',,,,,,
A,Annuale,ITF2,Molise,MAGEMBRGR_FROM2017,Età  media al matrimonio sposi (tutte le età),2018,36.45,,,,,TIPO_DATO15__MAGEMBRGR_FROM2017_N1,'Età media delle spose, ponderata con i quozienti specifici di nuzialità.Per gli anni 2010-2016 si può cliccare sul Tipo dato e selezionare l"'indicatore corrispondente',,,,,,
A,Annuale,ITF2,Molise,MAGEMBRGR_FROM2017,Età  media al matrimonio sposi (tutte le età),2019,36.52,,,,,TIPO_DATO15__MAGEMBRGR_FROM2017_N1,'Età media delle spose, ponderata con i quozienti specifici di nuzialità.Per gli anni 2010-2016 si può cliccare sul Tipo dato e selezionare l"'indicatore corrispondente',,,,,,
A,Annuale,ITF2,Molise,MAGEMBRGR_FROM2017,Età  media al matrimonio sposi (tutte le età),2020,39.9,,,,,TIPO_DATO15__MAGEMBRGR_FROM2017_N1,'Età media delle spose, ponderata con i quozienti specifici di nuzialità.Per gli anni 2010-2016 si può cliccare sul Tipo dato e selezionare l"'indicatore corrispondente',,,,,,
A,Annuale,ITF2,Molise,MAGEMBRGR_FROM2017,Età  media al matrimonio sposi (tutte le età),2021,37.23,,,,,TIPO_DATO15__MAGEMBRGR_FROM2017_N1,'Età media delle spose, ponderata con i quozienti specifici di nuzialità.Per gli anni 2010-2016 si può cliccare sul Tipo dato e selezionare l"'indicatore corrispondente',,,,,,
A,Annuale,ITF2,Molise,MAGEMBRGR_FROM2017,Età  media al matrimonio sposi (tutte le età),2022,37.86,,,,,TIPO_DATO15__MAGEMBRGR_FROM2017_N1,'Età media delle spose, ponderata con i quozienti specifici di nuzialità.Per gli anni 2010-2016 si può cliccare sul Tipo dato e selezionare l"'indicatore corrispondente',,,,,,
A,Annuale,ITF2,Molise,MAGEMBRGR_FROM2017,Età  media al matrimonio sposi (tutte le età),2023,37.59,e,Dato stimato,,,TIPO_DATO15__MAGEMBRGR_FROM2017_N1,'Età media delle spose, ponderata con i quozienti specifici di nuzialità.Per gli anni 2010-2016 si può cliccare sul Tipo dato e selezionare l"'indicatore corrispondente',,,,,,
A,Annuale,ITF2,Molise,MAGEMBR_FROM2017,Età  media al matrimonio spose (tutte le età),2004,29.48,,,,,TIPO_DATO15__MAGEMBR_FROM2017_N1,'Età media delle spose, ponderata con i quozienti specifici di nuzialità.Per gli anni 2010-2016 si può cliccare sul Tipo dato e selezionare l"'indicatore corrispondente',,,,,,
A,Annuale,ITF2,Molise,MAGEMBR_FROM2017,Età  media al matrimonio spose (tutte le età),2005,29.54,,,,,TIPO_DATO15__MAGEMBR_FROM2017_N1,'Età media delle spose, ponderata con i quozienti specifici di nuzialità.Per gli anni 2010-2016 si può cliccare sul Tipo dato e selezionare l"'indicatore corrispondente',,,,,,
A,Annuale,ITF2,Molise,MAGEMBR_FROM2017,Età  media al matrimonio spose (tutte le età),2006,29.93,,,,,TIPO_DATO15__MAGEMBR_FROM2017_N1,'Età media delle spose, ponderata con i quozienti specifici di nuzialità.Per gli anni 2010-2016 si può cliccare sul Tipo dato e selezionare l"'indicatore corrispondente',,,,,,
A,Annuale,ITF2,Molise,MAGEMBR_FROM2017,Età  media al matrimonio spose (tutte le età),2007,29.95,,,,,TIPO_DATO15__MAGEMBR_FROM2017_N1,'Età media delle spose, ponderata con i quozienti specifici di nuzialità.Per gli anni 2010-2016 si può cliccare sul Tipo dato e selezionare l"'indicatore corrispondente',,,,,,
A,Annuale,ITF2,Molise,MAGEMBR_FROM2017,Età  media al matrimonio spose (tutte le età),2008,30.32,,,,,TIPO_DATO15__MAGEMBR_FROM2017_N1,'Età media delle spose, ponderata con i quozienti specifici di nuzialità.Per gli anni 2010-2016 si può cliccare sul Tipo dato e selezionare l"'indicatore corrispondente',,,,,,
A,Annuale,ITF2,Molise,MAGEMBR_FROM2017,Età  media al matrimonio spose (tutte le età),2009,30.4,,,,,TIPO_DATO15__MAGEMBR_FROM2017_N1,'Età media delle spose, ponderata con i quozienti specifici di nuzialità.Per gli anni 2010-2016 si può cliccare sul Tipo dato e selezionare l"'indicatore corrispondente',,,,,,
A,Annuale,ITF2,Molise,MAGEMBR_FROM2017,Età  media al matrimonio spose (tutte le età),2010,30.94,,,,,TIPO_DATO15__MAGEMBR_FROM2017_N1,'Età media delle spose, ponderata con i quozienti specifici di nuzialità.Per gli anni 2010-2016 si può cliccare sul Tipo dato e selezionare l"'indicatore corrispondente',,,,,,
A,Annuale,ITF2,Molise,MAGEMBR_FROM2017,Età  media al matrimonio spose (tutte le età),2011,30.82,,,,,TIPO_DATO15__MAGEMBR_FROM2017_N1,'Età media delle spose, ponderata con i quozienti specifici di nuzialità.Per gli anni 2010-2016 si può cliccare sul Tipo dato e selezionare l"'indicatore corrispondente',,,,,,
A,Annuale,ITF2,Molise,MAGEMBR_FROM2017,Età  media al matrimonio spose (tutte le età),2012,31.23,,,,,TIPO_DATO15__MAGEMBR_FROM2017_N1,'Età media delle spose, ponderata con i quozienti specifici di nuzialità.Per gli anni 2010-2016 si può cliccare sul Tipo dato e selezionare l"'indicatore corrispondente',,,,,,
A,Annuale,ITF2,Molise,MAGEMBR_FROM2017,Età  media al matrimonio spose (tutte le età),2013,31.67,,,,,TIPO_DATO15__MAGEMBR_FROM2017_N1,'Età media delle spose, ponderata con i quozienti specifici di nuzialità.Per gli anni 2010-2016 si può cliccare sul Tipo dato e selezionare l"'indicatore corrispondente',,,,,,
A,Annuale,ITF2,Molise,MAGEMBR_FROM2017,Età  media al matrimonio spose (tutte le età),2014,31.67,,,,,TIPO_DATO15__MAGEMBR_FROM2017_N1,'Età media delle spose, ponderata con i quozienti specifici di nuzialità.Per gli anni 2010-2016 si può cliccare sul Tipo dato e selezionare l"'indicatore corrispondente',,,,,,
A,Annuale,ITF2,Molise,MAGEMBR_FROM2017,Età  media al matrimonio spose (tutte le età),2015,31.9,,,,,TIPO_DATO15__MAGEMBR_FROM2017_N1,'Età media delle spose, ponderata con i quozienti specifici di nuzialità.Per gli anni 2010-2016 si può cliccare sul Tipo dato e selezionare l"'indicatore corrispondente',,,,,,
A,Annuale,ITF2,Molise,MAGEMBR_FROM2017,Età  media al matrimonio spose (tutte le età),2016,32.91,,,,,TIPO_DATO15__MAGEMBR_FROM2017_N1,'Età media delle spose, ponderata con i quozienti specifici di nuzialità.Per gli anni 2010-2016 si può cliccare sul Tipo dato e selezionare l"'indicatore corrispondente',,,,,,
A,Annuale,ITF2,Molise,MAGEMBR_FROM2017,Età  media al matrimonio spose (tutte le età),2017,32.55,,,,,TIPO_DATO15__MAGEMBR_FROM2017_N1,'Età media delle spose, ponderata con i quozienti specifici di nuzialità.Per gli anni 2010-2016 si può cliccare sul Tipo dato e selezionare l"'indicatore corrispondente',,,,,,
A,Annuale,ITF2,Molise,MAGEMBR_FROM2017,Età  media al matrimonio spose (tutte le età),2018,32.84,,,,,TIPO_DATO15__MAGEMBR_FROM2017_N1,'Età media delle spose, ponderata con i quozienti specifici di nuzialità.Per gli anni 2010-2016 si può cliccare sul Tipo dato e selezionare l"'indicatore corrispondente',,,,,,
A,Annuale,ITF2,Molise,MAGEMBR_FROM2017,Età  media al matrimonio spose (tutte le età),2019,32.98,,,,,TIPO_DATO15__MAGEMBR_FROM2017_N1,'Età media delle spose, ponderata con i quozienti specifici di nuzialità.Per gli anni 2010-2016 si può cliccare sul Tipo dato e selezionare l"'indicatore corrispondente',,,,,,
A,Annuale,ITF2,Molise,MAGEMBR_FROM2017,Età  media al matrimonio spose (tutte le età),2020,34.8,,,,,TIPO_DATO15__MAGEMBR_FROM2017_N1,'Età media delle spose, ponderata con i quozienti specifici di nuzialità.Per gli anni 2010-2016 si può cliccare sul Tipo dato e selezionare l"'indicatore corrispondente',,,,,,
A,Annuale,ITF2,Molise,MAGEMBR_FROM2017,Età  media al matrimonio spose (tutte le età),2021,33.69,,,,,TIPO_DATO15__MAGEMBR_FROM2017_N1,'Età media delle spose, ponderata con i quozienti specifici di nuzialità.Per gli anni 2010-2016 si può cliccare sul Tipo dato e selezionare l"'indicatore corrispondente',,,,,,
A,Annuale,ITF2,Molise,MAGEMBR_FROM2017,Età  media al matrimonio spose (tutte le età),2022,34,,,,,TIPO_DATO15__MAGEMBR_FROM2017_N1,'Età media delle spose, ponderata con i quozienti specifici di nuzialità.Per gli anni 2010-2016 si può cliccare sul Tipo dato e selezionare l"'indicatore corrispondente',,,,,,
A,Annuale,ITF2,Molise,MAGEMBR_FROM2017,Età  media al matrimonio spose (tutte le età),2023,33.95,e,Dato stimato,,,TIPO_DATO15__MAGEMBR_FROM2017_N1,'Età media delle spose, ponderata con i quozienti specifici di nuzialità.Per gli anni 2010-2016 si può cliccare sul Tipo dato e selezionare l"'indicatore corrispondente',,,,,,
A,Annuale,ITF3,Campania,CMARRGP_FROM2017,Matrimoni civili (%),2004,20.3,,,,,,,,,,,,
A,Annuale,ITF3,Campania,CMARRGP_FROM2017,Matrimoni civili (%),2005,20.1,,,,,,,,,,,,
A,Annuale,ITF3,Campania,CMARRGP_FROM2017,Matrimoni civili (%),2006,21.4,,,,,,,,,,,,
A,Annuale,ITF3,Campania,CMARRGP_FROM2017,Matrimoni civili (%),2007,21.5,,,,,,,,,,,,
A,Annuale,ITF3,Campania,CMARRGP_FROM2017,Matrimoni civili (%),2008,23.1,,,,,,,,,,,,
A,Annuale,ITF3,Campania,CMARRGP_FROM2017,Matrimoni civili (%),2009,22.3,,,,,,,,,,,,
A,Annuale,ITF3,Campania,CMARRGP_FROM2017,Matrimoni civili (%),2010,21.2,,,,,,,,,,,,
A,Annuale,ITF3,Campania,CMARRGP_FROM2017,Matrimoni civili (%),2011,23.3,,,,,,,,,,,,
A,Annuale,ITF3,Campania,CMARRGP_FROM2017,Matrimoni civili (%),2012,24.3,,,,,,,,,,,,
A,Annuale,ITF3,Campania,CMARRGP_FROM2017,Matrimoni civili (%),2013,25.7,,,,,,,,,,,,
A,Annuale,ITF3,Campania,CMARRGP_FROM2017,Matrimoni civili (%),2014,26.4,,,,,,,,,,,,
A,Annuale,ITF3,Campania,CMARRGP_FROM2017,Matrimoni civili (%),2015,27.7,,,,,,,,,,,,
A,Annuale,ITF3,Campania,CMARRGP_FROM2017,Matrimoni civili (%),2016,29,,,,,,,,,,,,
A,Annuale,ITF3,Campania,CMARRGP_FROM2017,Matrimoni civili (%),2017,31.4,,,,,,,,,,,,
A,Annuale,ITF3,Campania,CMARRGP_FROM2017,Matrimoni civili (%),2018,31.2,,,,,,,,,,,,
A,Annuale,ITF3,Campania,CMARRGP_FROM2017,Matrimoni civili (%),2019,32.1,,,,,,,,,,,,
A,Annuale,ITF3,Campania,CMARRGP_FROM2017,Matrimoni civili (%),2020,59.6,,,,,,,,,,,,
A,Annuale,ITF3,Campania,CMARRGP_FROM2017,Matrimoni civili (%),2021,34.8,,,,,,,,,,,,
A,Annuale,ITF3,Campania,CMARRGP_FROM2017,Matrimoni civili (%),2022,33.8,,,,,,,,,,,,
A,Annuale,ITF3,Campania,CMARRGP_FROM2017,Matrimoni civili (%),2023,35.3,,,,,,,,,,,,
A,Annuale,ITF3,Campania,NUPT_TOTM_FROM2017,Tasso di nuzialità  totale sposi-valori per mille,2004,733.4,,,,,,,,,,,,
A,Annuale,ITF3,Campania,NUPT_TOTM_FROM2017,Tasso di nuzialità  totale sposi-valori per mille,2005,719,,,,,,,,,,,,
A,Annuale,ITF3,Campania,NUPT_TOTM_FROM2017,Tasso di nuzialità  totale sposi-valori per mille,2006,726.8,,,,,,,,,,,,
A,Annuale,ITF3,Campania,NUPT_TOTM_FROM2017,Tasso di nuzialità  totale sposi-valori per mille,2007,759.1,,,,,,,,,,,,
A,Annuale,ITF3,Campania,NUPT_TOTM_FROM2017,Tasso di nuzialità  totale sposi-valori per mille,2008,760.1,,,,,,,,,,,,
A,Annuale,ITF3,Campania,NUPT_TOTM_FROM2017,Tasso di nuzialità  totale sposi-valori per mille,2009,719.3,,,,,,,,,,,,
A,Annuale,ITF3,Campania,NUPT_TOTM_FROM2017,Tasso di nuzialità  totale sposi-valori per mille,2010,683.9,,,,,,,,,,,,
A,Annuale,ITF3,Campania,NUPT_TOTM_FROM2017,Tasso di nuzialità  totale sposi-valori per mille,2011,623.1,,,,,,,,,,,,
A,Annuale,ITF3,Campania,NUPT_TOTM_FROM2017,Tasso di nuzialità  totale sposi-valori per mille,2012,609.3,,,,,,,,,,,,
A,Annuale,ITF3,Campania,NUPT_TOTM_FROM2017,Tasso di nuzialità  totale sposi-valori per mille,2013,577.7,,,,,,,,,,,,
A,Annuale,ITF3,Campania,NUPT_TOTM_FROM2017,Tasso di nuzialità  totale sposi-valori per mille,2014,575.4,,,,,,,,,,,,
A,Annuale,ITF3,Campania,NUPT_TOTM_FROM2017,Tasso di nuzialità  totale sposi-valori per mille,2015,578.3,,,,,,,,,,,,
A,Annuale,ITF3,Campania,NUPT_TOTM_FROM2017,Tasso di nuzialità  totale sposi-valori per mille,2016,624.4,,,,,,,,,,,,
A,Annuale,ITF3,Campania,NUPT_TOTM_FROM2017,Tasso di nuzialità  totale sposi-valori per mille,2017,569.5,,,,,,,,,,,,
A,Annuale,ITF3,Campania,NUPT_TOTM_FROM2017,Tasso di nuzialità  totale sposi-valori per mille,2018,587.1,,,,,,,,,,,,
A,Annuale,ITF3,Campania,NUPT_TOTM_FROM2017,Tasso di nuzialità  totale sposi-valori per mille,2019,581.2,,,,,,,,,,,,
A,Annuale,ITF3,Campania,NUPT_TOTM_FROM2017,Tasso di nuzialità  totale sposi-valori per mille,2020,251.7,,,,,,,,,,,,
A,Annuale,ITF3,Campania,NUPT_TOTM_FROM2017,Tasso di nuzialità  totale sposi-valori per mille,2021,623.1,,,,,,,,,,,,
A,Annuale,ITF3,Campania,NUPT_TOTM_FROM2017,Tasso di nuzialità  totale sposi-valori per mille,2022,586.2,,,,,,,,,,,,
A,Annuale,ITF3,Campania,NUPT_TOTM_FROM2017,Tasso di nuzialità  totale sposi-valori per mille,2023,537.2,e,Dato stimato,,,,,,,,,,
A,Annuale,ITF3,Campania,NUPT_TOTW_FROM2017,Tasso di nuzialità totale spose-valori per mille,2004,755.3,,,,,,,,,,,,
A,Annuale,ITF3,Campania,NUPT_TOTW_FROM2017,Tasso di nuzialità totale spose-valori per mille,2005,741.2,,,,,,,,,,,,
A,Annuale,ITF3,Campania,NUPT_TOTW_FROM2017,Tasso di nuzialità totale spose-valori per mille,2006,750.1,,,,,,,,,,,,
A,Annuale,ITF3,Campania,NUPT_TOTW_FROM2017,Tasso di nuzialità totale spose-valori per mille,2007,779.9,,,,,,,,,,,,
A,Annuale,ITF3,Campania,NUPT_TOTW_FROM2017,Tasso di nuzialità totale spose-valori per mille,2008,781.7,,,,,,,,,,,,
A,Annuale,ITF3,Campania,NUPT_TOTW_FROM2017,Tasso di nuzialità totale spose-valori per mille,2009,738,,,,,,,,,,,,
A,Annuale,ITF3,Campania,NUPT_TOTW_FROM2017,Tasso di nuzialità totale spose-valori per mille,2010,701.6,,,,,,,,,,,,
A,Annuale,ITF3,Campania,NUPT_TOTW_FROM2017,Tasso di nuzialità totale spose-valori per mille,2011,642.5,,,,,,,,,,,,
A,Annuale,ITF3,Campania,NUPT_TOTW_FROM2017,Tasso di nuzialità totale spose-valori per mille,2012,631.1,,,,,,,,,,,,
A,Annuale,ITF3,Campania,NUPT_TOTW_FROM2017,Tasso di nuzialità totale spose-valori per mille,2013,597.7,,,,,,,,,,,,
A,Annuale,ITF3,Campania,NUPT_TOTW_FROM2017,Tasso di nuzialità totale spose-valori per mille,2014,597.9,,,,,,,,,,,,
A,Annuale,ITF3,Campania,NUPT_TOTW_FROM2017,Tasso di nuzialità totale spose-valori per mille,2015,603.9,,,,,,,,,,,,
A,Annuale,ITF3,Campania,NUPT_TOTW_FROM2017,Tasso di nuzialità totale spose-valori per mille,2016,656.4,,,,,,,,,,,,
A,Annuale,ITF3,Campania,NUPT_TOTW_FROM2017,Tasso di nuzialità totale spose-valori per mille,2017,603.3,,,,,,,,,,,,
A,Annuale,ITF3,Campania,NUPT_TOTW_FROM2017,Tasso di nuzialità totale spose-valori per mille,2018,623.4,,,,,,,,,,,,
A,Annuale,ITF3,Campania,NUPT_TOTW_FROM2017,Tasso di nuzialità totale spose-valori per mille,2019,616.9,,,,,,,,,,,,
A,Annuale,ITF3,Campania,NUPT_TOTW_FROM2017,Tasso di nuzialità totale spose-valori per mille,2020,271.9,,,,,,,,,,,,
A,Annuale,ITF3,Campania,NUPT_TOTW_FROM2017,Tasso di nuzialità totale spose-valori per mille,2021,654.4,,,,,,,,,,,,
A,Annuale,ITF3,Campania,NUPT_TOTW_FROM2017,Tasso di nuzialità totale spose-valori per mille,2022,623.3,,,,,,,,,,,,
A,Annuale,ITF3,Campania,NUPT_TOTW_FROM2017,Tasso di nuzialità totale spose-valori per mille,2023,577.8,e,Dato stimato,,,,,,,,,,
A,Annuale,ITF3,Campania,MAGEMBRGR_FROM2017,Età  media al matrimonio sposi (tutte le età),2004,32.64,,,,,TIPO_DATO15__MAGEMBRGR_FROM2017_N1,'Età media delle spose, ponderata con i quozienti specifici di nuzialità.Per gli anni 2010-2016 si può cliccare sul Tipo dato e selezionare l"'indicatore corrispondente',,,,,,
A,Annuale,ITF3,Campania,MAGEMBRGR_FROM2017,Età  media al matrimonio sposi (tutte le età),2005,32.43,,,,,TIPO_DATO15__MAGEMBRGR_FROM2017_N1,'Età media delle spose, ponderata con i quozienti specifici di nuzialità.Per gli anni 2010-2016 si può cliccare sul Tipo dato e selezionare l"'indicatore corrispondente',,,,,,
A,Annuale,ITF3,Campania,MAGEMBRGR_FROM2017,Età  media al matrimonio sposi (tutte le età),2006,32.72,,,,,TIPO_DATO15__MAGEMBRGR_FROM2017_N1,'Età media delle spose, ponderata con i quozienti specifici di nuzialità.Per gli anni 2010-2016 si può cliccare sul Tipo dato e selezionare l"'indicatore corrispondente',,,,,,
A,Annuale,ITF3,Campania,MAGEMBRGR_FROM2017,Età  media al matrimonio sposi (tutte le età),2007,32.85,,,,,TIPO_DATO15__MAGEMBRGR_FROM2017_N1,'Età media delle spose, ponderata con i quozienti specifici di nuzialità.Per gli anni 2010-2016 si può cliccare sul Tipo dato e selezionare l"'indicatore corrispondente',,,,,,
A,Annuale,ITF3,Campania,MAGEMBRGR_FROM2017,Età  media al matrimonio sposi (tutte le età),2008,33.09,,,,,TIPO_DATO15__MAGEMBRGR_FROM2017_N1,'Età media delle spose, ponderata con i quozienti specifici di nuzialità.Per gli anni 2010-2016 si può cliccare sul Tipo dato e selezionare l"'indicatore corrispondente',,,,,,
A,Annuale,ITF3,Campania,MAGEMBRGR_FROM2017,Età  media al matrimonio sposi (tutte le età),2009,32.89,,,,,TIPO_DATO15__MAGEMBRGR_FROM2017_N1,'Età media delle spose, ponderata con i quozienti specifici di nuzialità.Per gli anni 2010-2016 si può cliccare sul Tipo dato e selezionare l"'indicatore corrispondente',,,,,,
A,Annuale,ITF3,Campania,MAGEMBRGR_FROM2017,Età  media al matrimonio sposi (tutte le età),2010,33.15,,,,,TIPO_DATO15__MAGEMBRGR_FROM2017_N1,'Età media delle spose, ponderata con i quozienti specifici di nuzialità.Per gli anni 2010-2016 si può cliccare sul Tipo dato e selezionare l"'indicatore corrispondente',,,,,,
A,Annuale,ITF3,Campania,MAGEMBRGR_FROM2017,Età  media al matrimonio sposi (tutte le età),2011,33.22,,,,,TIPO_DATO15__MAGEMBRGR_FROM2017_N1,'Età media delle spose, ponderata con i quozienti specifici di nuzialità.Per gli anni 2010-2016 si può cliccare sul Tipo dato e selezionare l"'indicatore corrispondente',,,,,,
A,Annuale,ITF3,Campania,MAGEMBRGR_FROM2017,Età  media al matrimonio sposi (tutte le età),2012,33.5,,,,,TIPO_DATO15__MAGEMBRGR_FROM2017_N1,'Età media delle spose, ponderata con i quozienti specifici di nuzialità.Per gli anni 2010-2016 si può cliccare sul Tipo dato e selezionare l"'indicatore corrispondente',,,,,,
A,Annuale,ITF3,Campania,MAGEMBRGR_FROM2017,Età  media al matrimonio sposi (tutte le età),2013,33.87,,,,,TIPO_DATO15__MAGEMBRGR_FROM2017_N1,'Età media delle spose, ponderata con i quozienti specifici di nuzialità.Per gli anni 2010-2016 si può cliccare sul Tipo dato e selezionare l"'indicatore corrispondente',,,,,,
A,Annuale,ITF3,Campania,MAGEMBRGR_FROM2017,Età  media al matrimonio sposi (tutte le età),2014,33.99,,,,,TIPO_DATO15__MAGEMBRGR_FROM2017_N1,'Età media delle spose, ponderata con i quozienti specifici di nuzialità.Per gli anni 2010-2016 si può cliccare sul Tipo dato e selezionare l"'indicatore corrispondente',,,,,,
A,Annuale,ITF3,Campania,MAGEMBRGR_FROM2017,Età  media al matrimonio sposi (tutte le età),2015,34.25,,,,,TIPO_DATO15__MAGEMBRGR_FROM2017_N1,'Età media delle spose, ponderata con i quozienti specifici di nuzialità.Per gli anni 2010-2016 si può cliccare sul Tipo dato e selezionare l"'indicatore corrispondente',,,,,,
A,Annuale,ITF3,Campania,MAGEMBRGR_FROM2017,Età  media al matrimonio sposi (tutte le età),2016,34.71,,,,,TIPO_DATO15__MAGEMBRGR_FROM2017_N1,'Età media delle spose, ponderata con i quozienti specifici di nuzialità.Per gli anni 2010-2016 si può cliccare sul Tipo dato e selezionare l"'indicatore corrispondente',,,,,,
A,Annuale,ITF3,Campania,MAGEMBRGR_FROM2017,Età  media al matrimonio sposi (tutte le età),2017,35.12,,,,,TIPO_DATO15__MAGEMBRGR_FROM2017_N1,'Età media delle spose, ponderata con i quozienti specifici di nuzialità.Per gli anni 2010-2016 si può cliccare sul Tipo dato e selezionare l"'indicatore corrispondente',,,,,,
A,Annuale,ITF3,Campania,MAGEMBRGR_FROM2017,Età  media al matrimonio sposi (tutte le età),2018,35.38,,,,,TIPO_DATO15__MAGEMBRGR_FROM2017_N1,'Età media delle spose, ponderata con i quozienti specifici di nuzialità.Per gli anni 2010-2016 si può cliccare sul Tipo dato e selezionare l"'indicatore corrispondente',,,,,,
A,Annuale,ITF3,Campania,MAGEMBRGR_FROM2017,Età  media al matrimonio sposi (tutte le età),2019,35.87,,,,,TIPO_DATO15__MAGEMBRGR_FROM2017_N1,'Età media delle spose, ponderata con i quozienti specifici di nuzialità.Per gli anni 2010-2016 si può cliccare sul Tipo dato e selezionare l"'indicatore corrispondente',,,,,,
A,Annuale,ITF3,Campania,MAGEMBRGR_FROM2017,Età  media al matrimonio sposi (tutte le età),2020,37.24,,,,,TIPO_DATO15__MAGEMBRGR_FROM2017_N1,'Età media delle spose, ponderata con i quozienti specifici di nuzialità.Per gli anni 2010-2016 si può cliccare sul Tipo dato e selezionare l"'indicatore corrispondente',,,,,,
A,Annuale,ITF3,Campania,MAGEMBRGR_FROM2017,Età  media al matrimonio sposi (tutte le età),2021,35.59,,,,,TIPO_DATO15__MAGEMBRGR_FROM2017_N1,'Età media delle spose, ponderata con i quozienti specifici di nuzialità.Per gli anni 2010-2016 si può cliccare sul Tipo dato e selezionare l"'indicatore corrispondente',,,,,,
A,Annuale,ITF3,Campania,MAGEMBRGR_FROM2017,Età  media al matrimonio sposi (tutte le età),2022,36.21,,,,,TIPO_DATO15__MAGEMBRGR_FROM2017_N1,'Età media delle spose, ponderata con i quozienti specifici di nuzialità.Per gli anni 2010-2016 si può cliccare sul Tipo dato e selezionare l"'indicatore corrispondente',,,,,,
A,Annuale,ITF3,Campania,MAGEMBRGR_FROM2017,Età  media al matrimonio sposi (tutte le età),2023,37,e,Dato stimato,,,TIPO_DATO15__MAGEMBRGR_FROM2017_N1,'Età media delle spose, ponderata con i quozienti specifici di nuzialità.Per gli anni 2010-2016 si può cliccare sul Tipo dato e selezionare l"'indicatore corrispondente',,,,,,
A,Annuale,ITF3,Campania,MAGEMBR_FROM2017,Età  media al matrimonio spose (tutte le età),2004,28.25,,,,,TIPO_DATO15__MAGEMBR_FROM2017_N1,'Età media delle spose, ponderata con i quozienti specifici di nuzialità.Per gli anni 2010-2016 si può cliccare sul Tipo dato e selezionare l"'indicatore corrispondente',,,,,,
A,Annuale,ITF3,Campania,MAGEMBR_FROM2017,Età  media al matrimonio spose (tutte le età),2005,28.44,,,,,TIPO_DATO15__MAGEMBR_FROM2017_N1,'Età media delle spose, ponderata con i quozienti specifici di nuzialità.Per gli anni 2010-2016 si può cliccare sul Tipo dato e selezionare l"'indicatore corrispondente',,,,,,
A,Annuale,ITF3,Campania,MAGEMBR_FROM2017,Età  media al matrimonio spose (tutte le età),2006,28.76,,,,,TIPO_DATO15__MAGEMBR_FROM2017_N1,'Età media delle spose, ponderata con i quozienti specifici di nuzialità.Per gli anni 2010-2016 si può cliccare sul Tipo dato e selezionare l"'indicatore corrispondente',,,,,,
A,Annuale,ITF3,Campania,MAGEMBR_FROM2017,Età  media al matrimonio spose (tutte le età),2007,28.92,,,,,TIPO_DATO15__MAGEMBR_FROM2017_N1,'Età media delle spose, ponderata con i quozienti specifici di nuzialità.Per gli anni 2010-2016 si può cliccare sul Tipo dato e selezionare l"'indicatore corrispondente',,,,,,
A,Annuale,ITF3,Campania,MAGEMBR_FROM2017,Età  media al matrimonio spose (tutte le età),2008,29.16,,,,,TIPO_DATO15__MAGEMBR_FROM2017_N1,'Età media delle spose, ponderata con i quozienti specifici di nuzialità.Per gli anni 2010-2016 si può cliccare sul Tipo dato e selezionare l"'indicatore corrispondente',,,,,,
A,Annuale,ITF3,Campania,MAGEMBR_FROM2017,Età  media al matrimonio spose (tutte le età),2009,29.27,,,,,TIPO_DATO15__MAGEMBR_FROM2017_N1,'Età media delle spose, ponderata con i quozienti specifici di nuzialità.Per gli anni 2010-2016 si può cliccare sul Tipo dato e selezionare l"'indicatore corrispondente',,,,,,
A,Annuale,ITF3,Campania,MAGEMBR_FROM2017,Età  media al matrimonio spose (tutte le età),2010,29.4,,,,,TIPO_DATO15__MAGEMBR_FROM2017_N1,'Età media delle spose, ponderata con i quozienti specifici di nuzialità.Per gli anni 2010-2016 si può cliccare sul Tipo dato e selezionare l"'indicatore corrispondente',,,,,,
A,Annuale,ITF3,Campania,MAGEMBR_FROM2017,Età  media al matrimonio spose (tutte le età),2011,29.53,,,,,TIPO_DATO15__MAGEMBR_FROM2017_N1,'Età media delle spose, ponderata con i quozienti specifici di nuzialità.Per gli anni 2010-2016 si può cliccare sul Tipo dato e selezionare l"'indicatore corrispondente',,,,,,
A,Annuale,ITF3,Campania,MAGEMBR_FROM2017,Età  media al matrimonio spose (tutte le età),2012,29.85,,,,,TIPO_DATO15__MAGEMBR_FROM2017_N1,'Età media delle spose, ponderata con i quozienti specifici di nuzialità.Per gli anni 2010-2016 si può cliccare sul Tipo dato e selezionare l"'indicatore corrispondente',,,,,,
A,Annuale,ITF3,Campania,MAGEMBR_FROM2017,Età  media al matrimonio spose (tutte le età),2013,30.18,,,,,TIPO_DATO15__MAGEMBR_FROM2017_N1,'Età media delle spose, ponderata con i quozienti specifici di nuzialità.Per gli anni 2010-2016 si può cliccare sul Tipo dato e selezionare l"'indicatore corrispondente',,,,,,
A,Annuale,ITF3,Campania,MAGEMBR_FROM2017,Età  media al matrimonio spose (tutte le età),2014,30.4,,,,,TIPO_DATO15__MAGEMBR_FROM2017_N1,'Età media delle spose, ponderata con i quozienti specifici di nuzialità.Per gli anni 2010-2016 si può cliccare sul Tipo dato e selezionare l"'indicatore corrispondente',,,,,,
A,Annuale,ITF3,Campania,MAGEMBR_FROM2017,Età  media al matrimonio spose (tutte le età),2015,30.74,,,,,TIPO_DATO15__MAGEMBR_FROM2017_N1,'Età media delle spose, ponderata con i quozienti specifici di nuzialità.Per gli anni 2010-2016 si può cliccare sul Tipo dato e selezionare l"'indicatore corrispondente',,,,,,
A,Annuale,ITF3,Campania,MAGEMBR_FROM2017,Età  media al matrimonio spose (tutte le età),2016,31.05,,,,,TIPO_DATO15__MAGEMBR_FROM2017_N1,'Età media delle spose, ponderata con i quozienti specifici di nuzialità.Per gli anni 2010-2016 si può cliccare sul Tipo dato e selezionare l"'indicatore corrispondente',,,,,,
A,Annuale,ITF3,Campania,MAGEMBR_FROM2017,Età  media al matrimonio spose (tutte le età),2017,31.46,,,,,TIPO_DATO15__MAGEMBR_FROM2017_N1,'Età media delle spose, ponderata con i quozienti specifici di nuzialità.Per gli anni 2010-2016 si può cliccare sul Tipo dato e selezionare l"'indicatore corrispondente',,,,,,
A,Annuale,ITF3,Campania,MAGEMBR_FROM2017,Età  media al matrimonio spose (tutte le età),2018,31.74,,,,,TIPO_DATO15__MAGEMBR_FROM2017_N1,'Età media delle spose, ponderata con i quozienti specifici di nuzialità.Per gli anni 2010-2016 si può cliccare sul Tipo dato e selezionare l"'indicatore corrispondente',,,,,,
A,Annuale,ITF3,Campania,MAGEMBR_FROM2017,Età  media al matrimonio spose (tutte le età),2019,31.96,,,,,TIPO_DATO15__MAGEMBR_FROM2017_N1,'Età media delle spose, ponderata con i quozienti specifici di nuzialità.Per gli anni 2010-2016 si può cliccare sul Tipo dato e selezionare l"'indicatore corrispondente',,,,,,
A,Annuale,ITF3,Campania,MAGEMBR_FROM2017,Età  media al matrimonio spose (tutte le età),2020,32.8,,,,,TIPO_DATO15__MAGEMBR_FROM2017_N1,'Età media delle spose, ponderata con i quozienti specifici di nuzialità.Per gli anni 2010-2016 si può cliccare sul Tipo dato e selezionare l"'indicatore corrispondente',,,,,,
A,Annuale,ITF3,Campania,MAGEMBR_FROM2017,Età  media al matrimonio spose (tutte le età),2021,32.22,,,,,TIPO_DATO15__MAGEMBR_FROM2017_N1,'Età media delle spose, ponderata con i quozienti specifici di nuzialità.Per gli anni 2010-2016 si può cliccare sul Tipo dato e selezionare l"'indicatore corrispondente',,,,,,
A,Annuale,ITF3,Campania,MAGEMBR_FROM2017,Età  media al matrimonio spose (tutte le età),2022,32.75,,,,,TIPO_DATO15__MAGEMBR_FROM2017_N1,'Età media delle spose, ponderata con i quozienti specifici di nuzialità.Per gli anni 2010-2016 si può cliccare sul Tipo dato e selezionare l"'indicatore corrispondente',,,,,,
A,Annuale,ITF3,Campania,MAGEMBR_FROM2017,Età  media al matrimonio spose (tutte le età),2023,33.24,e,Dato stimato,,,TIPO_DATO15__MAGEMBR_FROM2017_N1,'Età media delle spose, ponderata con i quozienti specifici di nuzialità.Per gli anni 2010-2016 si può cliccare sul Tipo dato e selezionare l"'indicatore corrispondente',,,,,,
A,Annuale,ITF4,Puglia,CMARRGP_FROM2017,Matrimoni civili (%),2004,15.7,,,,,,,,,,,,
A,Annuale,ITF4,Puglia,CMARRGP_FROM2017,Matrimoni civili (%),2005,16.1,,,,,,,,,,,,
A,Annuale,ITF4,Puglia,CMARRGP_FROM2017,Matrimoni civili (%),2006,16.1,,,,,,,,,,,,
A,Annuale,ITF4,Puglia,CMARRGP_FROM2017,Matrimoni civili (%),2007,16.2,,,,,,,,,,,,
A,Annuale,ITF4,Puglia,CMARRGP_FROM2017,Matrimoni civili (%),2008,17.4,,,,,,,,,,,,
A,Annuale,ITF4,Puglia,CMARRGP_FROM2017,Matrimoni civili (%),2009,18.5,,,,,,,,,,,,
A,Annuale,ITF4,Puglia,CMARRGP_FROM2017,Matrimoni civili (%),2010,19.2,,,,,,,,,,,,
A,Annuale,ITF4,Puglia,CMARRGP_FROM2017,Matrimoni civili (%),2011,19.7,,,,,,,,,,,,
A,Annuale,ITF4,Puglia,CMARRGP_FROM2017,Matrimoni civili (%),2012,21.9,,,,,,,,,,,,
A,Annuale,ITF4,Puglia,CMARRGP_FROM2017,Matrimoni civili (%),2013,23.2,,,,,,,,,,,,
A,Annuale,ITF4,Puglia,CMARRGP_FROM2017,Matrimoni civili (%),2014,25.6,,,,,,,,,,,,
A,Annuale,ITF4,Puglia,CMARRGP_FROM2017,Matrimoni civili (%),2015,26.6,,,,,,,,,,,,
A,Annuale,ITF4,Puglia,CMARRGP_FROM2017,Matrimoni civili (%),2016,28.9,,,,,,,,,,,,
A,Annuale,ITF4,Puglia,CMARRGP_FROM2017,Matrimoni civili (%),2017,30.5,,,,,,,,,,,,
A,Annuale,ITF4,Puglia,CMARRGP_FROM2017,Matrimoni civili (%),2018,31.3,,,,,,,,,,,,
A,Annuale,ITF4,Puglia,CMARRGP_FROM2017,Matrimoni civili (%),2019,33.9,,,,,,,,,,,,
A,Annuale,ITF4,Puglia,CMARRGP_FROM2017,Matrimoni civili (%),2020,61.4,,,,,,,,,,,,
A,Annuale,ITF4,Puglia,CMARRGP_FROM2017,Matrimoni civili (%),2021,36.6,,,,,,,,,,,,
A,Annuale,ITF4,Puglia,CMARRGP_FROM2017,Matrimoni civili (%),2022,37.4,,,,,,,,,,,,
A,Annuale,ITF4,Puglia,CMARRGP_FROM2017,Matrimoni civili (%),2023,39.1,,,,,,,,,,,,
A,Annuale,ITF4,Puglia,NUPT_TOTM_FROM2017,Tasso di nuzialità  totale sposi-valori per mille,2004,606.1,,,,,,,,,,,,
A,Annuale,ITF4,Puglia,NUPT_TOTM_FROM2017,Tasso di nuzialità  totale sposi-valori per mille,2005,630.7,,,,,,,,,,,,
A,Annuale,ITF4,Puglia,NUPT_TOTM_FROM2017,Tasso di nuzialità  totale sposi-valori per mille,2006,598.9,,,,,,,,,,,,
A,Annuale,ITF4,Puglia,NUPT_TOTM_FROM2017,Tasso di nuzialità  totale sposi-valori per mille,2007,651.7,,,,,,,,,,,,
A,Annuale,ITF4,Puglia,NUPT_TOTM_FROM2017,Tasso di nuzialità  totale sposi-valori per mille,2008,666.3,,,,,,,,,,,,
A,Annuale,ITF4,Puglia,NUPT_TOTM_FROM2017,Tasso di nuzialità  totale sposi-valori per mille,2009,644.7,,,,,,,,,,,,
A,Annuale,ITF4,Puglia,NUPT_TOTM_FROM2017,Tasso di nuzialità  totale sposi-valori per mille,2010,633,,,,,,,,,,,,
A,Annuale,ITF4,Puglia,NUPT_TOTM_FROM2017,Tasso di nuzialità  totale sposi-valori per mille,2011,578,,,,,,,,,,,,
A,Annuale,ITF4,Puglia,NUPT_TOTM_FROM2017,Tasso di nuzialità  totale sposi-valori per mille,2012,598.4,,,,,,,,,,,,
A,Annuale,ITF4,Puglia,NUPT_TOTM_FROM2017,Tasso di nuzialità  totale sposi-valori per mille,2013,544.7,,,,,,,,,,,,
A,Annuale,ITF4,Puglia,NUPT_TOTM_FROM2017,Tasso di nuzialità  totale sposi-valori per mille,2014,540.5,,,,,,,,,,,,
A,Annuale,ITF4,Puglia,NUPT_TOTM_FROM2017,Tasso di nuzialità  totale sposi-valori per mille,2015,518.5,,,,,,,,,,,,
A,Annuale,ITF4,Puglia,NUPT_TOTM_FROM2017,Tasso di nuzialità  totale sposi-valori per mille,2016,562.4,,,,,,,,,,,,
A,Annuale,ITF4,Puglia,NUPT_TOTM_FROM2017,Tasso di nuzialità  totale sposi-valori per mille,2017,555,,,,,,,,,,,,
A,Annuale,ITF4,Puglia,NUPT_TOTM_FROM2017,Tasso di nuzialità  totale sposi-valori per mille,2018,576.8,,,,,,,,,,,,
A,Annuale,ITF4,Puglia,NUPT_TOTM_FROM2017,Tasso di nuzialità  totale sposi-valori per mille,2019,536.6,,,,,,,,,,,,
A,Annuale,ITF4,Puglia,NUPT_TOTM_FROM2017,Tasso di nuzialità  totale sposi-valori per mille,2020,206.4,,,,,,,,,,,,
A,Annuale,ITF4,Puglia,NUPT_TOTM_FROM2017,Tasso di nuzialità  totale sposi-valori per mille,2021,588.5,,,,,,,,,,,,
A,Annuale,ITF4,Puglia,NUPT_TOTM_FROM2017,Tasso di nuzialità  totale sposi-valori per mille,2022,562,,,,,,,,,,,,
A,Annuale,ITF4,Puglia,NUPT_TOTM_FROM2017,Tasso di nuzialità  totale sposi-valori per mille,2023,518.8,e,Dato stimato,,,,,,,,,,
A,Annuale,ITF4,Puglia,NUPT_TOTW_FROM2017,Tasso di nuzialità totale spose-valori per mille,2004,628.8,,,,,,,,,,,,
A,Annuale,ITF4,Puglia,NUPT_TOTW_FROM2017,Tasso di nuzialità totale spose-valori per mille,2005,658.9,,,,,,,,,,,,
A,Annuale,ITF4,Puglia,NUPT_TOTW_FROM2017,Tasso di nuzialità totale spose-valori per mille,2006,629.7,,,,,,,,,,,,
A,Annuale,ITF4,Puglia,NUPT_TOTW_FROM2017,Tasso di nuzialità totale spose-valori per mille,2007,686.4,,,,,,,,,,,,
A,Annuale,ITF4,Puglia,NUPT_TOTW_FROM2017,Tasso di nuzialità totale spose-valori per mille,2008,703.2,,,,,,,,,,,,
A,Annuale,ITF4,Puglia,NUPT_TOTW_FROM2017,Tasso di nuzialità totale spose-valori per mille,2009,682.5,,,,,,,,,,,,
A,Annuale,ITF4,Puglia,NUPT_TOTW_FROM2017,Tasso di nuzialità totale spose-valori per mille,2010,670,,,,,,,,,,,,
A,Annuale,ITF4,Puglia,NUPT_TOTW_FROM2017,Tasso di nuzialità totale spose-valori per mille,2011,613.3,,,,,,,,,,,,
A,Annuale,ITF4,Puglia,NUPT_TOTW_FROM2017,Tasso di nuzialità totale spose-valori per mille,2012,635.6,,,,,,,,,,,,
A,Annuale,ITF4,Puglia,NUPT_TOTW_FROM2017,Tasso di nuzialità totale spose-valori per mille,2013,578.8,,,,,,,,,,,,
A,Annuale,ITF4,Puglia,NUPT_TOTW_FROM2017,Tasso di nuzialità totale spose-valori per mille,2014,574,,,,,,,,,,,,
A,Annuale,ITF4,Puglia,NUPT_TOTW_FROM2017,Tasso di nuzialità totale spose-valori per mille,2015,550.9,,,,,,,,,,,,
A,Annuale,ITF4,Puglia,NUPT_TOTW_FROM2017,Tasso di nuzialità totale spose-valori per mille,2016,602.9,,,,,,,,,,,,
A,Annuale,ITF4,Puglia,NUPT_TOTW_FROM2017,Tasso di nuzialità totale spose-valori per mille,2017,597.8,,,,,,,,,,,,
A,Annuale,ITF4,Puglia,NUPT_TOTW_FROM2017,Tasso di nuzialità totale spose-valori per mille,2018,624.9,,,,,,,,,,,,
A,Annuale,ITF4,Puglia,NUPT_TOTW_FROM2017,Tasso di nuzialità totale spose-valori per mille,2019,584.6,,,,,,,,,,,,
A,Annuale,ITF4,Puglia,NUPT_TOTW_FROM2017,Tasso di nuzialità totale spose-valori per mille,2020,230,,,,,,,,,,,,
A,Annuale,ITF4,Puglia,NUPT_TOTW_FROM2017,Tasso di nuzialità totale spose-valori per mille,2021,637.3,,,,,,,,,,,,
A,Annuale,ITF4,Puglia,NUPT_TOTW_FROM2017,Tasso di nuzialità totale spose-valori per mille,2022,616.3,,,,,,,,,,,,
A,Annuale,ITF4,Puglia,NUPT_TOTW_FROM2017,Tasso di nuzialità totale spose-valori per mille,2023,573.3,e,Dato stimato,,,,,,,,,,
A,Annuale,ITF4,Puglia,MAGEMBRGR_FROM2017,Età  media al matrimonio sposi (tutte le età),2004,32.83,,,,,TIPO_DATO15__MAGEMBRGR_FROM2017_N1,'Età media delle spose, ponderata con i quozienti specifici di nuzialità.Per gli anni 2010-2016 si può cliccare sul Tipo dato e selezionare l"'indicatore corrispondente',,,,,,
A,Annuale,ITF4,Puglia,MAGEMBRGR_FROM2017,Età  media al matrimonio sposi (tutte le età),2005,32.73,,,,,TIPO_DATO15__MAGEMBRGR_FROM2017_N1,'Età media delle spose, ponderata con i quozienti specifici di nuzialità.Per gli anni 2010-2016 si può cliccare sul Tipo dato e selezionare l"'indicatore corrispondente',,,,,,
A,Annuale,ITF4,Puglia,MAGEMBRGR_FROM2017,Età  media al matrimonio sposi (tutte le età),2006,32.9,,,,,TIPO_DATO15__MAGEMBRGR_FROM2017_N1,'Età media delle spose, ponderata con i quozienti specifici di nuzialità.Per gli anni 2010-2016 si può cliccare sul Tipo dato e selezionare l"'indicatore corrispondente',,,,,,
A,Annuale,ITF4,Puglia,MAGEMBRGR_FROM2017,Età  media al matrimonio sposi (tutte le età),2007,33.31,,,,,TIPO_DATO15__MAGEMBRGR_FROM2017_N1,'Età media delle spose, ponderata con i quozienti specifici di nuzialità.Per gli anni 2010-2016 si può cliccare sul Tipo dato e selezionare l"'indicatore corrispondente',,,,,,
A,Annuale,ITF4,Puglia,MAGEMBRGR_FROM2017,Età  media al matrimonio sposi (tutte le età),2008,33.38,,,,,TIPO_DATO15__MAGEMBRGR_FROM2017_N1,'Età media delle spose, ponderata con i quozienti specifici di nuzialità.Per gli anni 2010-2016 si può cliccare sul Tipo dato e selezionare l"'indicatore corrispondente',,,,,,
A,Annuale,ITF4,Puglia,MAGEMBRGR_FROM2017,Età  media al matrimonio sposi (tutte le età),2009,33.53,,,,,TIPO_DATO15__MAGEMBRGR_FROM2017_N1,'Età media delle spose, ponderata con i quozienti specifici di nuzialità.Per gli anni 2010-2016 si può cliccare sul Tipo dato e selezionare l"'indicatore corrispondente',,,,,,
A,Annuale,ITF4,Puglia,MAGEMBRGR_FROM2017,Età  media al matrimonio sposi (tutte le età),2010,33.75,,,,,TIPO_DATO15__MAGEMBRGR_FROM2017_N1,'Età media delle spose, ponderata con i quozienti specifici di nuzialità.Per gli anni 2010-2016 si può cliccare sul Tipo dato e selezionare l"'indicatore corrispondente',,,,,,
A,Annuale,ITF4,Puglia,MAGEMBRGR_FROM2017,Età  media al matrimonio sposi (tutte le età),2011,33.78,,,,,TIPO_DATO15__MAGEMBRGR_FROM2017_N1,'Età media delle spose, ponderata con i quozienti specifici di nuzialità.Per gli anni 2010-2016 si può cliccare sul Tipo dato e selezionare l"'indicatore corrispondente',,,,,,
A,Annuale,ITF4,Puglia,MAGEMBRGR_FROM2017,Età  media al matrimonio sposi (tutte le età),2012,34.18,,,,,TIPO_DATO15__MAGEMBRGR_FROM2017_N1,'Età media delle spose, ponderata con i quozienti specifici di nuzialità.Per gli anni 2010-2016 si può cliccare sul Tipo dato e selezionare l"'indicatore corrispondente',,,,,,
A,Annuale,ITF4,Puglia,MAGEMBRGR_FROM2017,Età  media al matrimonio sposi (tutte le età),2013,34.47,,,,,TIPO_DATO15__MAGEMBRGR_FROM2017_N1,'Età media delle spose, ponderata con i quozienti specifici di nuzialità.Per gli anni 2010-2016 si può cliccare sul Tipo dato e selezionare l"'indicatore corrispondente',,,,,,
A,Annuale,ITF4,Puglia,MAGEMBRGR_FROM2017,Età  media al matrimonio sposi (tutte le età),2014,34.59,,,,,TIPO_DATO15__MAGEMBRGR_FROM2017_N1,'Età media delle spose, ponderata con i quozienti specifici di nuzialità.Per gli anni 2010-2016 si può cliccare sul Tipo dato e selezionare l"'indicatore corrispondente',,,,,,
A,Annuale,ITF4,Puglia,MAGEMBRGR_FROM2017,Età  media al matrimonio sposi (tutte le età),2015,34.96,,,,,TIPO_DATO15__MAGEMBRGR_FROM2017_N1,'Età media delle spose, ponderata con i quozienti specifici di nuzialità.Per gli anni 2010-2016 si può cliccare sul Tipo dato e selezionare l"'indicatore corrispondente',,,,,,
A,Annuale,ITF4,Puglia,MAGEMBRGR_FROM2017,Età  media al matrimonio sposi (tutte le età),2016,35.36,,,,,TIPO_DATO15__MAGEMBRGR_FROM2017_N1,'Età media delle spose, ponderata con i quozienti specifici di nuzialità.Per gli anni 2010-2016 si può cliccare sul Tipo dato e selezionare l"'indicatore corrispondente',,,,,,
A,Annuale,ITF4,Puglia,MAGEMBRGR_FROM2017,Età  media al matrimonio sposi (tutte le età),2017,35.84,,,,,TIPO_DATO15__MAGEMBRGR_FROM2017_N1,'Età media delle spose, ponderata con i quozienti specifici di nuzialità.Per gli anni 2010-2016 si può cliccare sul Tipo dato e selezionare l"'indicatore corrispondente',,,,,,
A,Annuale,ITF4,Puglia,MAGEMBRGR_FROM2017,Età  media al matrimonio sposi (tutte le età),2018,36.15,,,,,TIPO_DATO15__MAGEMBRGR_FROM2017_N1,'Età media delle spose, ponderata con i quozienti specifici di nuzialità.Per gli anni 2010-2016 si può cliccare sul Tipo dato e selezionare l"'indicatore corrispondente',,,,,,
A,Annuale,ITF4,Puglia,MAGEMBRGR_FROM2017,Età  media al matrimonio sposi (tutte le età),2019,36.41,,,,,TIPO_DATO15__MAGEMBRGR_FROM2017_N1,'Età media delle spose, ponderata con i quozienti specifici di nuzialità.Per gli anni 2010-2016 si può cliccare sul Tipo dato e selezionare l"'indicatore corrispondente',,,,,,
A,Annuale,ITF4,Puglia,MAGEMBRGR_FROM2017,Età  media al matrimonio sposi (tutte le età),2020,39.1,,,,,TIPO_DATO15__MAGEMBRGR_FROM2017_N1,'Età media delle spose, ponderata con i quozienti specifici di nuzialità.Per gli anni 2010-2016 si può cliccare sul Tipo dato e selezionare l"'indicatore corrispondente',,,,,,
A,Annuale,ITF4,Puglia,MAGEMBRGR_FROM2017,Età  media al matrimonio sposi (tutte le età),2021,36.84,,,,,TIPO_DATO15__MAGEMBRGR_FROM2017_N1,'Età media delle spose, ponderata con i quozienti specifici di nuzialità.Per gli anni 2010-2016 si può cliccare sul Tipo dato e selezionare l"'indicatore corrispondente',,,,,,
A,Annuale,ITF4,Puglia,MAGEMBRGR_FROM2017,Età  media al matrimonio sposi (tutte le età),2022,37.86,,,,,TIPO_DATO15__MAGEMBRGR_FROM2017_N1,'Età media delle spose, ponderata con i quozienti specifici di nuzialità.Per gli anni 2010-2016 si può cliccare sul Tipo dato e selezionare l"'indicatore corrispondente',,,,,,
A,Annuale,ITF4,Puglia,MAGEMBRGR_FROM2017,Età  media al matrimonio sposi (tutte le età),2023,38.07,e,Dato stimato,,,TIPO_DATO15__MAGEMBRGR_FROM2017_N1,'Età media delle spose, ponderata con i quozienti specifici di nuzialità.Per gli anni 2010-2016 si può cliccare sul Tipo dato e selezionare l"'indicatore corrispondente',,,,,,
A,Annuale,ITF4,Puglia,MAGEMBR_FROM2017,Età  media al matrimonio spose (tutte le età),2004,28.79,,,,,TIPO_DATO15__MAGEMBR_FROM2017_N1,'Età media delle spose, ponderata con i quozienti specifici di nuzialità.Per gli anni 2010-2016 si può cliccare sul Tipo dato e selezionare l"'indicatore corrispondente',,,,,,
A,Annuale,ITF4,Puglia,MAGEMBR_FROM2017,Età  media al matrimonio spose (tutte le età),2005,28.97,,,,,TIPO_DATO15__MAGEMBR_FROM2017_N1,'Età media delle spose, ponderata con i quozienti specifici di nuzialità.Per gli anni 2010-2016 si può cliccare sul Tipo dato e selezionare l"'indicatore corrispondente',,,,,,
A,Annuale,ITF4,Puglia,MAGEMBR_FROM2017,Età  media al matrimonio spose (tutte le età),2006,29.17,,,,,TIPO_DATO15__MAGEMBR_FROM2017_N1,'Età media delle spose, ponderata con i quozienti specifici di nuzialità.Per gli anni 2010-2016 si può cliccare sul Tipo dato e selezionare l"'indicatore corrispondente',,,,,,
A,Annuale,ITF4,Puglia,MAGEMBR_FROM2017,Età  media al matrimonio spose (tutte le età),2007,29.49,,,,,TIPO_DATO15__MAGEMBR_FROM2017_N1,'Età media delle spose, ponderata con i quozienti specifici di nuzialità.Per gli anni 2010-2016 si può cliccare sul Tipo dato e selezionare l"'indicatore corrispondente',,,,,,
A,Annuale,ITF4,Puglia,MAGEMBR_FROM2017,Età  media al matrimonio spose (tutte le età),2008,29.69,,,,,TIPO_DATO15__MAGEMBR_FROM2017_N1,'Età media delle spose, ponderata con i quozienti specifici di nuzialità.Per gli anni 2010-2016 si può cliccare sul Tipo dato e selezionare l"'indicatore corrispondente',,,,,,
A,Annuale,ITF4,Puglia,MAGEMBR_FROM2017,Età  media al matrimonio spose (tutte le età),2009,29.86,,,,,TIPO_DATO15__MAGEMBR_FROM2017_N1,'Età media delle spose, ponderata con i quozienti specifici di nuzialità.Per gli anni 2010-2016 si può cliccare sul Tipo dato e selezionare l"'indicatore corrispondente',,,,,,
A,Annuale,ITF4,Puglia,MAGEMBR_FROM2017,Età  media al matrimonio spose (tutte le età),2010,30.03,,,,,TIPO_DATO15__MAGEMBR_FROM2017_N1,'Età media delle spose, ponderata con i quozienti specifici di nuzialità.Per gli anni 2010-2016 si può cliccare sul Tipo dato e selezionare l"'indicatore corrispondente',,,,,,
A,Annuale,ITF4,Puglia,MAGEMBR_FROM2017,Età  media al matrimonio spose (tutte le età),2011,30.24,,,,,TIPO_DATO15__MAGEMBR_FROM2017_N1,'Età media delle spose, ponderata con i quozienti specifici di nuzialità.Per gli anni 2010-2016 si può cliccare sul Tipo dato e selezionare l"'indicatore corrispondente',,,,,,
A,Annuale,ITF4,Puglia,MAGEMBR_FROM2017,Età  media al matrimonio spose (tutte le età),2012,30.59,,,,,TIPO_DATO15__MAGEMBR_FROM2017_N1,'Età media delle spose, ponderata con i quozienti specifici di nuzialità.Per gli anni 2010-2016 si può cliccare sul Tipo dato e selezionare l"'indicatore corrispondente',,,,,,
A,Annuale,ITF4,Puglia,MAGEMBR_FROM2017,Età  media al matrimonio spose (tutte le età),2013,30.91,,,,,TIPO_DATO15__MAGEMBR_FROM2017_N1,'Età media delle spose, ponderata con i quozienti specifici di nuzialità.Per gli anni 2010-2016 si può cliccare sul Tipo dato e selezionare l"'indicatore corrispondente',,,,,,
A,Annuale,ITF4,Puglia,MAGEMBR_FROM2017,Età  media al matrimonio spose (tutte le età),2014,31.11,,,,,TIPO_DATO15__MAGEMBR_FROM2017_N1,'Età media delle spose, ponderata con i quozienti specifici di nuzialità.Per gli anni 2010-2016 si può cliccare sul Tipo dato e selezionare l"'indicatore corrispondente',,,,,,
A,Annuale,ITF4,Puglia,MAGEMBR_FROM2017,Età  media al matrimonio spose (tutte le età),2015,31.44,,,,,TIPO_DATO15__MAGEMBR_FROM2017_N1,'Età media delle spose, ponderata con i quozienti specifici di nuzialità.Per gli anni 2010-2016 si può cliccare sul Tipo dato e selezionare l"'indicatore corrispondente',,,,,,
A,Annuale,ITF4,Puglia,MAGEMBR_FROM2017,Età  media al matrimonio spose (tutte le età),2016,31.74,,,,,TIPO_DATO15__MAGEMBR_FROM2017_N1,'Età media delle spose, ponderata con i quozienti specifici di nuzialità.Per gli anni 2010-2016 si può cliccare sul Tipo dato e selezionare l"'indicatore corrispondente',,,,,,
A,Annuale,ITF4,Puglia,MAGEMBR_FROM2017,Età  media al matrimonio spose (tutte le età),2017,32.15,,,,,TIPO_DATO15__MAGEMBR_FROM2017_N1,'Età media delle spose, ponderata con i quozienti specifici di nuzialità.Per gli anni 2010-2016 si può cliccare sul Tipo dato e selezionare l"'indicatore corrispondente',,,,,,
A,Annuale,ITF4,Puglia,MAGEMBR_FROM2017,Età  media al matrimonio spose (tutte le età),2018,32.45,,,,,TIPO_DATO15__MAGEMBR_FROM2017_N1,'Età media delle spose, ponderata con i quozienti specifici di nuzialità.Per gli anni 2010-2016 si può cliccare sul Tipo dato e selezionare l"'indicatore corrispondente',,,,,,
A,Annuale,ITF4,Puglia,MAGEMBR_FROM2017,Età  media al matrimonio spose (tutte le età),2019,32.69,,,,,TIPO_DATO15__MAGEMBR_FROM2017_N1,'Età media delle spose, ponderata con i quozienti specifici di nuzialità.Per gli anni 2010-2016 si può cliccare sul Tipo dato e selezionare l"'indicatore corrispondente',,,,,,
A,Annuale,ITF4,Puglia,MAGEMBR_FROM2017,Età  media al matrimonio spose (tutte le età),2020,34.08,,,,,TIPO_DATO15__MAGEMBR_FROM2017_N1,'Età media delle spose, ponderata con i quozienti specifici di nuzialità.Per gli anni 2010-2016 si può cliccare sul Tipo dato e selezionare l"'indicatore corrispondente',,,,,,
A,Annuale,ITF4,Puglia,MAGEMBR_FROM2017,Età  media al matrimonio spose (tutte le età),2021,33.26,,,,,TIPO_DATO15__MAGEMBR_FROM2017_N1,'Età media delle spose, ponderata con i quozienti specifici di nuzialità.Per gli anni 2010-2016 si può cliccare sul Tipo dato e selezionare l"'indicatore corrispondente',,,,,,
A,Annuale,ITF4,Puglia,MAGEMBR_FROM2017,Età  media al matrimonio spose (tutte le età),2022,33.84,,,,,TIPO_DATO15__MAGEMBR_FROM2017_N1,'Età media delle spose, ponderata con i quozienti specifici di nuzialità.Per gli anni 2010-2016 si può cliccare sul Tipo dato e selezionare l"'indicatore corrispondente',,,,,,
A,Annuale,ITF4,Puglia,MAGEMBR_FROM2017,Età  media al matrimonio spose (tutte le età),2023,34.2,e,Dato stimato,,,TIPO_DATO15__MAGEMBR_FROM2017_N1,'Età media delle spose, ponderata con i quozienti specifici di nuzialità.Per gli anni 2010-2016 si può cliccare sul Tipo dato e selezionare l"'indicatore corrispondente',,,,,,
A,Annuale,ITF5,Basilicata,CMARRGP_FROM2017,Matrimoni civili (%),2004,12,,,,,,,,,,,,
A,Annuale,ITF5,Basilicata,CMARRGP_FROM2017,Matrimoni civili (%),2005,11.6,,,,,,,,,,,,
A,Annuale,ITF5,Basilicata,CMARRGP_FROM2017,Matrimoni civili (%),2006,12.5,,,,,,,,,,,,
A,Annuale,ITF5,Basilicata,CMARRGP_FROM2017,Matrimoni civili (%),2007,12.5,,,,,,,,,,,,
A,Annuale,ITF5,Basilicata,CMARRGP_FROM2017,Matrimoni civili (%),2008,14.6,,,,,,,,,,,,
A,Annuale,ITF5,Basilicata,CMARRGP_FROM2017,Matrimoni civili (%),2009,12.6,,,,,,,,,,,,
A,Annuale,ITF5,Basilicata,CMARRGP_FROM2017,Matrimoni civili (%),2010,13.6,,,,,,,,,,,,
A,Annuale,ITF5,Basilicata,CMARRGP_FROM2017,Matrimoni civili (%),2011,13.4,,,,,,,,,,,,
A,Annuale,ITF5,Basilicata,CMARRGP_FROM2017,Matrimoni civili (%),2012,13.4,,,,,,,,,,,,
A,Annuale,ITF5,Basilicata,CMARRGP_FROM2017,Matrimoni civili (%),2013,14.2,,,,,,,,,,,,
A,Annuale,ITF5,Basilicata,CMARRGP_FROM2017,Matrimoni civili (%),2014,14.6,,,,,,,,,,,,
A,Annuale,ITF5,Basilicata,CMARRGP_FROM2017,Matrimoni civili (%),2015,16.5,,,,,,,,,,,,
A,Annuale,ITF5,Basilicata,CMARRGP_FROM2017,Matrimoni civili (%),2016,18,,,,,,,,,,,,
A,Annuale,ITF5,Basilicata,CMARRGP_FROM2017,Matrimoni civili (%),2017,19.7,,,,,,,,,,,,
A,Annuale,ITF5,Basilicata,CMARRGP_FROM2017,Matrimoni civili (%),2018,20.4,,,,,,,,,,,,
A,Annuale,ITF5,Basilicata,CMARRGP_FROM2017,Matrimoni civili (%),2019,22.4,,,,,,,,,,,,
A,Annuale,ITF5,Basilicata,CMARRGP_FROM2017,Matrimoni civili (%),2020,60,,,,,,,,,,,,
A,Annuale,ITF5,Basilicata,CMARRGP_FROM2017,Matrimoni civili (%),2021,23.7,,,,,,,,,,,,
A,Annuale,ITF5,Basilicata,CMARRGP_FROM2017,Matrimoni civili (%),2022,21.5,,,,,,,,,,,,
A,Annuale,ITF5,Basilicata,CMARRGP_FROM2017,Matrimoni civili (%),2023,25.2,,,,,,,,,,,,
A,Annuale,ITF5,Basilicata,NUPT_TOTM_FROM2017,Tasso di nuzialità  totale sposi-valori per mille,2004,574.4,,,,,,,,,,,,
A,Annuale,ITF5,Basilicata,NUPT_TOTM_FROM2017,Tasso di nuzialità  totale sposi-valori per mille,2005,580,,,,,,,,,,,,
A,Annuale,ITF5,Basilicata,NUPT_TOTM_FROM2017,Tasso di nuzialità  totale sposi-valori per mille,2006,620.2,,,,,,,,,,,,
A,Annuale,ITF5,Basilicata,NUPT_TOTM_FROM2017,Tasso di nuzialità  totale sposi-valori per mille,2007,626.6,,,,,,,,,,,,
A,Annuale,ITF5,Basilicata,NUPT_TOTM_FROM2017,Tasso di nuzialità  totale sposi-valori per mille,2008,571.9,,,,,,,,,,,,
A,Annuale,ITF5,Basilicata,NUPT_TOTM_FROM2017,Tasso di nuzialità  totale sposi-valori per mille,2009,582.8,,,,,,,,,,,,
A,Annuale,ITF5,Basilicata,NUPT_TOTM_FROM2017,Tasso di nuzialità  totale sposi-valori per mille,2010,575.8,,,,,,,,,,,,
A,Annuale,ITF5,Basilicata,NUPT_TOTM_FROM2017,Tasso di nuzialità  totale sposi-valori per mille,2011,546.5,,,,,,,,,,,,
A,Annuale,ITF5,Basilicata,NUPT_TOTM_FROM2017,Tasso di nuzialità  totale sposi-valori per mille,2012,515.7,,,,,,,,,,,,
A,Annuale,ITF5,Basilicata,NUPT_TOTM_FROM2017,Tasso di nuzialità  totale sposi-valori per mille,2013,534.3,,,,,,,,,,,,
A,Annuale,ITF5,Basilicata,NUPT_TOTM_FROM2017,Tasso di nuzialità  totale sposi-valori per mille,2014,523.3,,,,,,,,,,,,
A,Annuale,ITF5,Basilicata,NUPT_TOTM_FROM2017,Tasso di nuzialità  totale sposi-valori per mille,2015,525.1,,,,,,,,,,,,
A,Annuale,ITF5,Basilicata,NUPT_TOTM_FROM2017,Tasso di nuzialità  totale sposi-valori per mille,2016,565.4,,,,,,,,,,,,
A,Annuale,ITF5,Basilicata,NUPT_TOTM_FROM2017,Tasso di nuzialità  totale sposi-valori per mille,2017,539,,,,,,,,,,,,
A,Annuale,ITF5,Basilicata,NUPT_TOTM_FROM2017,Tasso di nuzialità  totale sposi-valori per mille,2018,560,,,,,,,,,,,,
A,Annuale,ITF5,Basilicata,NUPT_TOTM_FROM2017,Tasso di nuzialità  totale sposi-valori per mille,2019,534.9,,,,,,,,,,,,
A,Annuale,ITF5,Basilicata,NUPT_TOTM_FROM2017,Tasso di nuzialità  totale sposi-valori per mille,2020,139.6,,,,,,,,,,,,
A,Annuale,ITF5,Basilicata,NUPT_TOTM_FROM2017,Tasso di nuzialità  totale sposi-valori per mille,2021,557.8,,,,,,,,,,,,
A,Annuale,ITF5,Basilicata,NUPT_TOTM_FROM2017,Tasso di nuzialità  totale sposi-valori per mille,2022,540.3,,,,,,,,,,,,
A,Annuale,ITF5,Basilicata,NUPT_TOTM_FROM2017,Tasso di nuzialità  totale sposi-valori per mille,2023,499.8,e,Dato stimato,,,,,,,,,,
A,Annuale,ITF5,Basilicata,NUPT_TOTW_FROM2017,Tasso di nuzialità totale spose-valori per mille,2004,616,,,,,,,,,,,,
A,Annuale,ITF5,Basilicata,NUPT_TOTW_FROM2017,Tasso di nuzialità totale spose-valori per mille,2005,625,,,,,,,,,,,,
A,Annuale,ITF5,Basilicata,NUPT_TOTW_FROM2017,Tasso di nuzialità totale spose-valori per mille,2006,668.1,,,,,,,,,,,,
A,Annuale,ITF5,Basilicata,NUPT_TOTW_FROM2017,Tasso di nuzialità totale spose-valori per mille,2007,675.3,,,,,,,,,,,,
A,Annuale,ITF5,Basilicata,NUPT_TOTW_FROM2017,Tasso di nuzialità totale spose-valori per mille,2008,615.8,,,,,,,,,,,,
A,Annuale,ITF5,Basilicata,NUPT_TOTW_FROM2017,Tasso di nuzialità totale spose-valori per mille,2009,632.1,,,,,,,,,,,,
A,Annuale,ITF5,Basilicata,NUPT_TOTW_FROM2017,Tasso di nuzialità totale spose-valori per mille,2010,623,,,,,,,,,,,,
A,Annuale,ITF5,Basilicata,NUPT_TOTW_FROM2017,Tasso di nuzialità totale spose-valori per mille,2011,591.9,,,,,,,,,,,,
A,Annuale,ITF5,Basilicata,NUPT_TOTW_FROM2017,Tasso di nuzialità totale spose-valori per mille,2012,558,,,,,,,,,,,,
A,Annuale,ITF5,Basilicata,NUPT_TOTW_FROM2017,Tasso di nuzialità totale spose-valori per mille,2013,583,,,,,,,,,,,,
A,Annuale,ITF5,Basilicata,NUPT_TOTW_FROM2017,Tasso di nuzialità totale spose-valori per mille,2014,567.8,,,,,,,,,,,,
A,Annuale,ITF5,Basilicata,NUPT_TOTW_FROM2017,Tasso di nuzialità totale spose-valori per mille,2015,575.7,,,,,,,,,,,,
A,Annuale,ITF5,Basilicata,NUPT_TOTW_FROM2017,Tasso di nuzialità totale spose-valori per mille,2016,620.1,,,,,,,,,,,,
A,Annuale,ITF5,Basilicata,NUPT_TOTW_FROM2017,Tasso di nuzialità totale spose-valori per mille,2017,596.5,,,,,,,,,,,,
A,Annuale,ITF5,Basilicata,NUPT_TOTW_FROM2017,Tasso di nuzialità totale spose-valori per mille,2018,630.2,,,,,,,,,,,,
A,Annuale,ITF5,Basilicata,NUPT_TOTW_FROM2017,Tasso di nuzialità totale spose-valori per mille,2019,599.6,,,,,,,,,,,,
A,Annuale,ITF5,Basilicata,NUPT_TOTW_FROM2017,Tasso di nuzialità totale spose-valori per mille,2020,163.6,,,,,,,,,,,,
A,Annuale,ITF5,Basilicata,NUPT_TOTW_FROM2017,Tasso di nuzialità totale spose-valori per mille,2021,630.1,,,,,,,,,,,,
A,Annuale,ITF5,Basilicata,NUPT_TOTW_FROM2017,Tasso di nuzialità totale spose-valori per mille,2022,618.4,,,,,,,,,,,,
A,Annuale,ITF5,Basilicata,NUPT_TOTW_FROM2017,Tasso di nuzialità totale spose-valori per mille,2023,580.1,e,Dato stimato,,,,,,,,,,
A,Annuale,ITF5,Basilicata,MAGEMBRGR_FROM2017,Età  media al matrimonio sposi (tutte le età),2004,33.47,,,,,TIPO_DATO15__MAGEMBRGR_FROM2017_N1,'Età media delle spose, ponderata con i quozienti specifici di nuzialità.Per gli anni 2010-2016 si può cliccare sul Tipo dato e selezionare l"'indicatore corrispondente',,,,,,
A,Annuale,ITF5,Basilicata,MAGEMBRGR_FROM2017,Età  media al matrimonio sposi (tutte le età),2005,33.2,,,,,TIPO_DATO15__MAGEMBRGR_FROM2017_N1,'Età media delle spose, ponderata con i quozienti specifici di nuzialità.Per gli anni 2010-2016 si può cliccare sul Tipo dato e selezionare l"'indicatore corrispondente',,,,,,
A,Annuale,ITF5,Basilicata,MAGEMBRGR_FROM2017,Età  media al matrimonio sposi (tutte le età),2006,33.38,,,,,TIPO_DATO15__MAGEMBRGR_FROM2017_N1,'Età media delle spose, ponderata con i quozienti specifici di nuzialità.Per gli anni 2010-2016 si può cliccare sul Tipo dato e selezionare l"'indicatore corrispondente',,,,,,
A,Annuale,ITF5,Basilicata,MAGEMBRGR_FROM2017,Età  media al matrimonio sposi (tutte le età),2007,33.48,,,,,TIPO_DATO15__MAGEMBRGR_FROM2017_N1,'Età media delle spose, ponderata con i quozienti specifici di nuzialità.Per gli anni 2010-2016 si può cliccare sul Tipo dato e selezionare l"'indicatore corrispondente',,,,,,
A,Annuale,ITF5,Basilicata,MAGEMBRGR_FROM2017,Età  media al matrimonio sposi (tutte le età),2008,33.9,,,,,TIPO_DATO15__MAGEMBRGR_FROM2017_N1,'Età media delle spose, ponderata con i quozienti specifici di nuzialità.Per gli anni 2010-2016 si può cliccare sul Tipo dato e selezionare l"'indicatore corrispondente',,,,,,
A,Annuale,ITF5,Basilicata,MAGEMBRGR_FROM2017,Età  media al matrimonio sposi (tutte le età),2009,33.96,,,,,TIPO_DATO15__MAGEMBRGR_FROM2017_N1,'Età media delle spose, ponderata con i quozienti specifici di nuzialità.Per gli anni 2010-2016 si può cliccare sul Tipo dato e selezionare l"'indicatore corrispondente',,,,,,
A,Annuale,ITF5,Basilicata,MAGEMBRGR_FROM2017,Età  media al matrimonio sposi (tutte le età),2010,34.26,,,,,TIPO_DATO15__MAGEMBRGR_FROM2017_N1,'Età media delle spose, ponderata con i quozienti specifici di nuzialità.Per gli anni 2010-2016 si può cliccare sul Tipo dato e selezionare l"'indicatore corrispondente',,,,,,
A,Annuale,ITF5,Basilicata,MAGEMBRGR_FROM2017,Età  media al matrimonio sposi (tutte le età),2011,34.32,,,,,TIPO_DATO15__MAGEMBRGR_FROM2017_N1,'Età media delle spose, ponderata con i quozienti specifici di nuzialità.Per gli anni 2010-2016 si può cliccare sul Tipo dato e selezionare l"'indicatore corrispondente',,,,,,
A,Annuale,ITF5,Basilicata,MAGEMBRGR_FROM2017,Età  media al matrimonio sposi (tutte le età),2012,34.19,,,,,TIPO_DATO15__MAGEMBRGR_FROM2017_N1,'Età media delle spose, ponderata con i quozienti specifici di nuzialità.Per gli anni 2010-2016 si può cliccare sul Tipo dato e selezionare l"'indicatore corrispondente',,,,,,
A,Annuale,ITF5,Basilicata,MAGEMBRGR_FROM2017,Età  media al matrimonio sposi (tutte le età),2013,34.84,,,,,TIPO_DATO15__MAGEMBRGR_FROM2017_N1,'Età media delle spose, ponderata con i quozienti specifici di nuzialità.Per gli anni 2010-2016 si può cliccare sul Tipo dato e selezionare l"'indicatore corrispondente',,,,,,
A,Annuale,ITF5,Basilicata,MAGEMBRGR_FROM2017,Età  media al matrimonio sposi (tutte le età),2014,34.89,,,,,TIPO_DATO15__MAGEMBRGR_FROM2017_N1,'Età media delle spose, ponderata con i quozienti specifici di nuzialità.Per gli anni 2010-2016 si può cliccare sul Tipo dato e selezionare l"'indicatore corrispondente',,,,,,
A,Annuale,ITF5,Basilicata,MAGEMBRGR_FROM2017,Età  media al matrimonio sposi (tutte le età),2015,35.27,,,,,TIPO_DATO15__MAGEMBRGR_FROM2017_N1,'Età media delle spose, ponderata con i quozienti specifici di nuzialità.Per gli anni 2010-2016 si può cliccare sul Tipo dato e selezionare l"'indicatore corrispondente',,,,,,
A,Annuale,ITF5,Basilicata,MAGEMBRGR_FROM2017,Età  media al matrimonio sposi (tutte le età),2016,35.36,,,,,TIPO_DATO15__MAGEMBRGR_FROM2017_N1,'Età media delle spose, ponderata con i quozienti specifici di nuzialità.Per gli anni 2010-2016 si può cliccare sul Tipo dato e selezionare l"'indicatore corrispondente',,,,,,
A,Annuale,ITF5,Basilicata,MAGEMBRGR_FROM2017,Età  media al matrimonio sposi (tutte le età),2017,35.49,,,,,TIPO_DATO15__MAGEMBRGR_FROM2017_N1,'Età media delle spose, ponderata con i quozienti specifici di nuzialità.Per gli anni 2010-2016 si può cliccare sul Tipo dato e selezionare l"'indicatore corrispondente',,,,,,
A,Annuale,ITF5,Basilicata,MAGEMBRGR_FROM2017,Età  media al matrimonio sposi (tutte le età),2018,36.37,,,,,TIPO_DATO15__MAGEMBRGR_FROM2017_N1,'Età media delle spose, ponderata con i quozienti specifici di nuzialità.Per gli anni 2010-2016 si può cliccare sul Tipo dato e selezionare l"'indicatore corrispondente',,,,,,
A,Annuale,ITF5,Basilicata,MAGEMBRGR_FROM2017,Età  media al matrimonio sposi (tutte le età),2019,35.97,,,,,TIPO_DATO15__MAGEMBRGR_FROM2017_N1,'Età media delle spose, ponderata con i quozienti specifici di nuzialità.Per gli anni 2010-2016 si può cliccare sul Tipo dato e selezionare l"'indicatore corrispondente',,,,,,
A,Annuale,ITF5,Basilicata,MAGEMBRGR_FROM2017,Età  media al matrimonio sposi (tutte le età),2020,40.15,,,,,TIPO_DATO15__MAGEMBRGR_FROM2017_N1,'Età media delle spose, ponderata con i quozienti specifici di nuzialità.Per gli anni 2010-2016 si può cliccare sul Tipo dato e selezionare l"'indicatore corrispondente',,,,,,
A,Annuale,ITF5,Basilicata,MAGEMBRGR_FROM2017,Età  media al matrimonio sposi (tutte le età),2021,36.45,,,,,TIPO_DATO15__MAGEMBRGR_FROM2017_N1,'Età media delle spose, ponderata con i quozienti specifici di nuzialità.Per gli anni 2010-2016 si può cliccare sul Tipo dato e selezionare l"'indicatore corrispondente',,,,,,
A,Annuale,ITF5,Basilicata,MAGEMBRGR_FROM2017,Età  media al matrimonio sposi (tutte le età),2022,37.05,,,,,TIPO_DATO15__MAGEMBRGR_FROM2017_N1,'Età media delle spose, ponderata con i quozienti specifici di nuzialità.Per gli anni 2010-2016 si può cliccare sul Tipo dato e selezionare l"'indicatore corrispondente',,,,,,
A,Annuale,ITF5,Basilicata,MAGEMBRGR_FROM2017,Età  media al matrimonio sposi (tutte le età),2023,37.59,e,Dato stimato,,,TIPO_DATO15__MAGEMBRGR_FROM2017_N1,'Età media delle spose, ponderata con i quozienti specifici di nuzialità.Per gli anni 2010-2016 si può cliccare sul Tipo dato e selezionare l"'indicatore corrispondente',,,,,,
A,Annuale,ITF5,Basilicata,MAGEMBR_FROM2017,Età  media al matrimonio spose (tutte le età),2004,29.16,,,,,TIPO_DATO15__MAGEMBR_FROM2017_N1,'Età media delle spose, ponderata con i quozienti specifici di nuzialità.Per gli anni 2010-2016 si può cliccare sul Tipo dato e selezionare l"'indicatore corrispondente',,,,,,
A,Annuale,ITF5,Basilicata,MAGEMBR_FROM2017,Età  media al matrimonio spose (tutte le età),2005,29.29,,,,,TIPO_DATO15__MAGEMBR_FROM2017_N1,'Età media delle spose, ponderata con i quozienti specifici di nuzialità.Per gli anni 2010-2016 si può cliccare sul Tipo dato e selezionare l"'indicatore corrispondente',,,,,,
A,Annuale,ITF5,Basilicata,MAGEMBR_FROM2017,Età  media al matrimonio spose (tutte le età),2006,29.58,,,,,TIPO_DATO15__MAGEMBR_FROM2017_N1,'Età media delle spose, ponderata con i quozienti specifici di nuzialità.Per gli anni 2010-2016 si può cliccare sul Tipo dato e selezionare l"'indicatore corrispondente',,,,,,
A,Annuale,ITF5,Basilicata,MAGEMBR_FROM2017,Età  media al matrimonio spose (tutte le età),2007,29.9,,,,,TIPO_DATO15__MAGEMBR_FROM2017_N1,'Età media delle spose, ponderata con i quozienti specifici di nuzialità.Per gli anni 2010-2016 si può cliccare sul Tipo dato e selezionare l"'indicatore corrispondente',,,,,,
A,Annuale,ITF5,Basilicata,MAGEMBR_FROM2017,Età  media al matrimonio spose (tutte le età),2008,30.08,,,,,TIPO_DATO15__MAGEMBR_FROM2017_N1,'Età media delle spose, ponderata con i quozienti specifici di nuzialità.Per gli anni 2010-2016 si può cliccare sul Tipo dato e selezionare l"'indicatore corrispondente',,,,,,
A,Annuale,ITF5,Basilicata,MAGEMBR_FROM2017,Età  media al matrimonio spose (tutte le età),2009,30.19,,,,,TIPO_DATO15__MAGEMBR_FROM2017_N1,'Età media delle spose, ponderata con i quozienti specifici di nuzialità.Per gli anni 2010-2016 si può cliccare sul Tipo dato e selezionare l"'indicatore corrispondente',,,,,,
A,Annuale,ITF5,Basilicata,MAGEMBR_FROM2017,Età  media al matrimonio spose (tutte le età),2010,30.6,,,,,TIPO_DATO15__MAGEMBR_FROM2017_N1,'Età media delle spose, ponderata con i quozienti specifici di nuzialità.Per gli anni 2010-2016 si può cliccare sul Tipo dato e selezionare l"'indicatore corrispondente',,,,,,
A,Annuale,ITF5,Basilicata,MAGEMBR_FROM2017,Età  media al matrimonio spose (tutte le età),2011,30.66,,,,,TIPO_DATO15__MAGEMBR_FROM2017_N1,'Età media delle spose, ponderata con i quozienti specifici di nuzialità.Per gli anni 2010-2016 si può cliccare sul Tipo dato e selezionare l"'indicatore corrispondente',,,,,,
A,Annuale,ITF5,Basilicata,MAGEMBR_FROM2017,Età  media al matrimonio spose (tutte le età),2012,30.68,,,,,TIPO_DATO15__MAGEMBR_FROM2017_N1,'Età media delle spose, ponderata con i quozienti specifici di nuzialità.Per gli anni 2010-2016 si può cliccare sul Tipo dato e selezionare l"'indicatore corrispondente',,,,,,
A,Annuale,ITF5,Basilicata,MAGEMBR_FROM2017,Età  media al matrimonio spose (tutte le età),2013,31.08,,,,,TIPO_DATO15__MAGEMBR_FROM2017_N1,'Età media delle spose, ponderata con i quozienti specifici di nuzialità.Per gli anni 2010-2016 si può cliccare sul Tipo dato e selezionare l"'indicatore corrispondente',,,,,,
A,Annuale,ITF5,Basilicata,MAGEMBR_FROM2017,Età  media al matrimonio spose (tutte le età),2014,31.43,,,,,TIPO_DATO15__MAGEMBR_FROM2017_N1,'Età media delle spose, ponderata con i quozienti specifici di nuzialità.Per gli anni 2010-2016 si può cliccare sul Tipo dato e selezionare l"'indicatore corrispondente',,,,,,
A,Annuale,ITF5,Basilicata,MAGEMBR_FROM2017,Età  media al matrimonio spose (tutte le età),2015,31.74,,,,,TIPO_DATO15__MAGEMBR_FROM2017_N1,'Età media delle spose, ponderata con i quozienti specifici di nuzialità.Per gli anni 2010-2016 si può cliccare sul Tipo dato e selezionare l"'indicatore corrispondente',,,,,,
A,Annuale,ITF5,Basilicata,MAGEMBR_FROM2017,Età  media al matrimonio spose (tutte le età),2016,31.92,,,,,TIPO_DATO15__MAGEMBR_FROM2017_N1,'Età media delle spose, ponderata con i quozienti specifici di nuzialità.Per gli anni 2010-2016 si può cliccare sul Tipo dato e selezionare l"'indicatore corrispondente',,,,,,
A,Annuale,ITF5,Basilicata,MAGEMBR_FROM2017,Età  media al matrimonio spose (tutte le età),2017,32,,,,,TIPO_DATO15__MAGEMBR_FROM2017_N1,'Età media delle spose, ponderata con i quozienti specifici di nuzialità.Per gli anni 2010-2016 si può cliccare sul Tipo dato e selezionare l"'indicatore corrispondente',,,,,,
A,Annuale,ITF5,Basilicata,MAGEMBR_FROM2017,Età  media al matrimonio spose (tutte le età),2018,32.48,,,,,TIPO_DATO15__MAGEMBR_FROM2017_N1,'Età media delle spose, ponderata con i quozienti specifici di nuzialità.Per gli anni 2010-2016 si può cliccare sul Tipo dato e selezionare l"'indicatore corrispondente',,,,,,
A,Annuale,ITF5,Basilicata,MAGEMBR_FROM2017,Età  media al matrimonio spose (tutte le età),2019,32.55,,,,,TIPO_DATO15__MAGEMBR_FROM2017_N1,'Età media delle spose, ponderata con i quozienti specifici di nuzialità.Per gli anni 2010-2016 si può cliccare sul Tipo dato e selezionare l"'indicatore corrispondente',,,,,,
A,Annuale,ITF5,Basilicata,MAGEMBR_FROM2017,Età  media al matrimonio spose (tutte le età),2020,34.99,,,,,TIPO_DATO15__MAGEMBR_FROM2017_N1,'Età media delle spose, ponderata con i quozienti specifici di nuzialità.Per gli anni 2010-2016 si può cliccare sul Tipo dato e selezionare l"'indicatore corrispondente',,,,,,
A,Annuale,ITF5,Basilicata,MAGEMBR_FROM2017,Età  media al matrimonio spose (tutte le età),2021,33.09,,,,,TIPO_DATO15__MAGEMBR_FROM2017_N1,'Età media delle spose, ponderata con i quozienti specifici di nuzialità.Per gli anni 2010-2016 si può cliccare sul Tipo dato e selezionare l"'indicatore corrispondente',,,,,,
A,Annuale,ITF5,Basilicata,MAGEMBR_FROM2017,Età  media al matrimonio spose (tutte le età),2022,33.55,,,,,TIPO_DATO15__MAGEMBR_FROM2017_N1,'Età media delle spose, ponderata con i quozienti specifici di nuzialità.Per gli anni 2010-2016 si può cliccare sul Tipo dato e selezionare l"'indicatore corrispondente',,,,,,
A,Annuale,ITF5,Basilicata,MAGEMBR_FROM2017,Età  media al matrimonio spose (tutte le età),2023,33.9,e,Dato stimato,,,TIPO_DATO15__MAGEMBR_FROM2017_N1,'Età media delle spose, ponderata con i quozienti specifici di nuzialità.Per gli anni 2010-2016 si può cliccare sul Tipo dato e selezionare l"'indicatore corrispondente',,,,,,
A,Annuale,ITF6,Calabria,CMARRGP_FROM2017,Matrimoni civili (%),2004,14.4,,,,,,,,,,,,
A,Annuale,ITF6,Calabria,CMARRGP_FROM2017,Matrimoni civili (%),2005,13.2,,,,,,,,,,,,
A,Annuale,ITF6,Calabria,CMARRGP_FROM2017,Matrimoni civili (%),2006,14.1,,,,,,,,,,,,
A,Annuale,ITF6,Calabria,CMARRGP_FROM2017,Matrimoni civili (%),2007,13.9,,,,,,,,,,,,
A,Annuale,ITF6,Calabria,CMARRGP_FROM2017,Matrimoni civili (%),2008,15,,,,,,,,,,,,
A,Annuale,ITF6,Calabria,CMARRGP_FROM2017,Matrimoni civili (%),2009,14,,,,,,,,,,,,
A,Annuale,ITF6,Calabria,CMARRGP_FROM2017,Matrimoni civili (%),2010,14.6,,,,,,,,,,,,
A,Annuale,ITF6,Calabria,CMARRGP_FROM2017,Matrimoni civili (%),2011,15.2,,,,,,,,,,,,
A,Annuale,ITF6,Calabria,CMARRGP_FROM2017,Matrimoni civili (%),2012,15.4,,,,,,,,,,,,
A,Annuale,ITF6,Calabria,CMARRGP_FROM2017,Matrimoni civili (%),2013,17.1,,,,,,,,,,,,
A,Annuale,ITF6,Calabria,CMARRGP_FROM2017,Matrimoni civili (%),2014,17.7,,,,,,,,,,,,
A,Annuale,ITF6,Calabria,CMARRGP_FROM2017,Matrimoni civili (%),2015,19,,,,,,,,,,,,
A,Annuale,ITF6,Calabria,CMARRGP_FROM2017,Matrimoni civili (%),2016,23,,,,,,,,,,,,
A,Annuale,ITF6,Calabria,CMARRGP_FROM2017,Matrimoni civili (%),2017,22.5,,,,,,,,,,,,
A,Annuale,ITF6,Calabria,CMARRGP_FROM2017,Matrimoni civili (%),2018,22.4,,,,,,,,,,,,
A,Annuale,ITF6,Calabria,CMARRGP_FROM2017,Matrimoni civili (%),2019,23.6,,,,,,,,,,,,
A,Annuale,ITF6,Calabria,CMARRGP_FROM2017,Matrimoni civili (%),2020,46,,,,,,,,,,,,
A,Annuale,ITF6,Calabria,CMARRGP_FROM2017,Matrimoni civili (%),2021,23.5,,,,,,,,,,,,
A,Annuale,ITF6,Calabria,CMARRGP_FROM2017,Matrimoni civili (%),2022,25.7,,,,,,,,,,,,
A,Annuale,ITF6,Calabria,CMARRGP_FROM2017,Matrimoni civili (%),2023,28.4,,,,,,,,,,,,
A,Annuale,ITF6,Calabria,NUPT_TOTM_FROM2017,Tasso di nuzialità  totale sposi-valori per mille,2004,634.3,,,,,,,,,,,,
A,Annuale,ITF6,Calabria,NUPT_TOTM_FROM2017,Tasso di nuzialità  totale sposi-valori per mille,2005,627.4,,,,,,,,,,,,
A,Annuale,ITF6,Calabria,NUPT_TOTM_FROM2017,Tasso di nuzialità  totale sposi-valori per mille,2006,638.8,,,,,,,,,,,,
A,Annuale,ITF6,Calabria,NUPT_TOTM_FROM2017,Tasso di nuzialità  totale sposi-valori per mille,2007,655.9,,,,,,,,,,,,
A,Annuale,ITF6,Calabria,NUPT_TOTM_FROM2017,Tasso di nuzialità  totale sposi-valori per mille,2008,651.6,,,,,,,,,,,,
A,Annuale,ITF6,Calabria,NUPT_TOTM_FROM2017,Tasso di nuzialità  totale sposi-valori per mille,2009,643.7,,,,,,,,,,,,
A,Annuale,ITF6,Calabria,NUPT_TOTM_FROM2017,Tasso di nuzialità  totale sposi-valori per mille,2010,628.1,,,,,,,,,,,,
A,Annuale,ITF6,Calabria,NUPT_TOTM_FROM2017,Tasso di nuzialità  totale sposi-valori per mille,2011,610.2,,,,,,,,,,,,
A,Annuale,ITF6,Calabria,NUPT_TOTM_FROM2017,Tasso di nuzialità  totale sposi-valori per mille,2012,619.9,,,,,,,,,,,,
A,Annuale,ITF6,Calabria,NUPT_TOTM_FROM2017,Tasso di nuzialità  totale sposi-valori per mille,2013,584.3,,,,,,,,,,,,
A,Annuale,ITF6,Calabria,NUPT_TOTM_FROM2017,Tasso di nuzialità  totale sposi-valori per mille,2014,575.2,,,,,,,,,,,,
A,Annuale,ITF6,Calabria,NUPT_TOTM_FROM2017,Tasso di nuzialità  totale sposi-valori per mille,2015,587.7,,,,,,,,,,,,
A,Annuale,ITF6,Calabria,NUPT_TOTM_FROM2017,Tasso di nuzialità  totale sposi-valori per mille,2016,630.3,,,,,,,,,,,,
A,Annuale,ITF6,Calabria,NUPT_TOTM_FROM2017,Tasso di nuzialità  totale sposi-valori per mille,2017,551.8,,,,,,,,,,,,
A,Annuale,ITF6,Calabria,NUPT_TOTM_FROM2017,Tasso di nuzialità  totale sposi-valori per mille,2018,586.3,,,,,,,,,,,,
A,Annuale,ITF6,Calabria,NUPT_TOTM_FROM2017,Tasso di nuzialità  totale sposi-valori per mille,2019,548.1,,,,,,,,,,,,
A,Annuale,ITF6,Calabria,NUPT_TOTM_FROM2017,Tasso di nuzialità  totale sposi-valori per mille,2020,222.5,,,,,,,,,,,,
A,Annuale,ITF6,Calabria,NUPT_TOTM_FROM2017,Tasso di nuzialità  totale sposi-valori per mille,2021,656.5,,,,,,,,,,,,
A,Annuale,ITF6,Calabria,NUPT_TOTM_FROM2017,Tasso di nuzialità  totale sposi-valori per mille,2022,573.1,,,,,,,,,,,,
A,Annuale,ITF6,Calabria,NUPT_TOTM_FROM2017,Tasso di nuzialità  totale sposi-valori per mille,2023,529.2,e,Dato stimato,,,,,,,,,,
A,Annuale,ITF6,Calabria,NUPT_TOTW_FROM2017,Tasso di nuzialità totale spose-valori per mille,2004,651.6,,,,,,,,,,,,
A,Annuale,ITF6,Calabria,NUPT_TOTW_FROM2017,Tasso di nuzialità totale spose-valori per mille,2005,647.4,,,,,,,,,,,,
A,Annuale,ITF6,Calabria,NUPT_TOTW_FROM2017,Tasso di nuzialità totale spose-valori per mille,2006,656.8,,,,,,,,,,,,
A,Annuale,ITF6,Calabria,NUPT_TOTW_FROM2017,Tasso di nuzialità totale spose-valori per mille,2007,676.4,,,,,,,,,,,,
A,Annuale,ITF6,Calabria,NUPT_TOTW_FROM2017,Tasso di nuzialità totale spose-valori per mille,2008,672.7,,,,,,,,,,,,
A,Annuale,ITF6,Calabria,NUPT_TOTW_FROM2017,Tasso di nuzialità totale spose-valori per mille,2009,662,,,,,,,,,,,,
A,Annuale,ITF6,Calabria,NUPT_TOTW_FROM2017,Tasso di nuzialità totale spose-valori per mille,2010,649.2,,,,,,,,,,,,
A,Annuale,ITF6,Calabria,NUPT_TOTW_FROM2017,Tasso di nuzialità totale spose-valori per mille,2011,633.8,,,,,,,,,,,,
A,Annuale,ITF6,Calabria,NUPT_TOTW_FROM2017,Tasso di nuzialità totale spose-valori per mille,2012,648.6,,,,,,,,,,,,
A,Annuale,ITF6,Calabria,NUPT_TOTW_FROM2017,Tasso di nuzialità totale spose-valori per mille,2013,615.6,,,,,,,,,,,,
A,Annuale,ITF6,Calabria,NUPT_TOTW_FROM2017,Tasso di nuzialità totale spose-valori per mille,2014,609.3,,,,,,,,,,,,
A,Annuale,ITF6,Calabria,NUPT_TOTW_FROM2017,Tasso di nuzialità totale spose-valori per mille,2015,627.6,,,,,,,,,,,,
A,Annuale,ITF6,Calabria,NUPT_TOTW_FROM2017,Tasso di nuzialità totale spose-valori per mille,2016,679.9,,,,,,,,,,,,
A,Annuale,ITF6,Calabria,NUPT_TOTW_FROM2017,Tasso di nuzialità totale spose-valori per mille,2017,603.5,,,,,,,,,,,,
A,Annuale,ITF6,Calabria,NUPT_TOTW_FROM2017,Tasso di nuzialità totale spose-valori per mille,2018,647.9,,,,,,,,,,,,
A,Annuale,ITF6,Calabria,NUPT_TOTW_FROM2017,Tasso di nuzialità totale spose-valori per mille,2019,603.3,,,,,,,,,,,,
A,Annuale,ITF6,Calabria,NUPT_TOTW_FROM2017,Tasso di nuzialità totale spose-valori per mille,2020,253.2,,,,,,,,,,,,
A,Annuale,ITF6,Calabria,NUPT_TOTW_FROM2017,Tasso di nuzialità totale spose-valori per mille,2021,711,,,,,,,,,,,,
A,Annuale,ITF6,Calabria,NUPT_TOTW_FROM2017,Tasso di nuzialità totale spose-valori per mille,2022,631.6,,,,,,,,,,,,
A,Annuale,ITF6,Calabria,NUPT_TOTW_FROM2017,Tasso di nuzialità totale spose-valori per mille,2023,593.9,e,Dato stimato,,,,,,,,,,
A,Annuale,ITF6,Calabria,MAGEMBRGR_FROM2017,Età  media al matrimonio sposi (tutte le età),2004,32.97,,,,,TIPO_DATO15__MAGEMBRGR_FROM2017_N1,'Età media delle spose, ponderata con i quozienti specifici di nuzialità.Per gli anni 2010-2016 si può cliccare sul Tipo dato e selezionare l"'indicatore corrispondente',,,,,,
A,Annuale,ITF6,Calabria,MAGEMBRGR_FROM2017,Età  media al matrimonio sposi (tutte le età),2005,34.5,,,,,TIPO_DATO15__MAGEMBRGR_FROM2017_N1,'Età media delle spose, ponderata con i quozienti specifici di nuzialità.Per gli anni 2010-2016 si può cliccare sul Tipo dato e selezionare l"'indicatore corrispondente',,,,,,
A,Annuale,ITF6,Calabria,MAGEMBRGR_FROM2017,Età  media al matrimonio sposi (tutte le età),2006,33.34,,,,,TIPO_DATO15__MAGEMBRGR_FROM2017_N1,'Età media delle spose, ponderata con i quozienti specifici di nuzialità.Per gli anni 2010-2016 si può cliccare sul Tipo dato e selezionare l"'indicatore corrispondente',,,,,,
A,Annuale,ITF6,Calabria,MAGEMBRGR_FROM2017,Età  media al matrimonio sposi (tutte le età),2007,33.5,,,,,TIPO_DATO15__MAGEMBRGR_FROM2017_N1,'Età media delle spose, ponderata con i quozienti specifici di nuzialità.Per gli anni 2010-2016 si può cliccare sul Tipo dato e selezionare l"'indicatore corrispondente',,,,,,
A,Annuale,ITF6,Calabria,MAGEMBRGR_FROM2017,Età  media al matrimonio sposi (tutte le età),2008,33.72,,,,,TIPO_DATO15__MAGEMBRGR_FROM2017_N1,'Età media delle spose, ponderata con i quozienti specifici di nuzialità.Per gli anni 2010-2016 si può cliccare sul Tipo dato e selezionare l"'indicatore corrispondente',,,,,,
A,Annuale,ITF6,Calabria,MAGEMBRGR_FROM2017,Età  media al matrimonio sposi (tutte le età),2009,33.7,,,,,TIPO_DATO15__MAGEMBRGR_FROM2017_N1,'Età media delle spose, ponderata con i quozienti specifici di nuzialità.Per gli anni 2010-2016 si può cliccare sul Tipo dato e selezionare l"'indicatore corrispondente',,,,,,
A,Annuale,ITF6,Calabria,MAGEMBRGR_FROM2017,Età  media al matrimonio sposi (tutte le età),2010,33.73,,,,,TIPO_DATO15__MAGEMBRGR_FROM2017_N1,'Età media delle spose, ponderata con i quozienti specifici di nuzialità.Per gli anni 2010-2016 si può cliccare sul Tipo dato e selezionare l"'indicatore corrispondente',,,,,,
A,Annuale,ITF6,Calabria,MAGEMBRGR_FROM2017,Età  media al matrimonio sposi (tutte le età),2011,33.94,,,,,TIPO_DATO15__MAGEMBRGR_FROM2017_N1,'Età media delle spose, ponderata con i quozienti specifici di nuzialità.Per gli anni 2010-2016 si può cliccare sul Tipo dato e selezionare l"'indicatore corrispondente',,,,,,
A,Annuale,ITF6,Calabria,MAGEMBRGR_FROM2017,Età  media al matrimonio sposi (tutte le età),2012,33.77,,,,,TIPO_DATO15__MAGEMBRGR_FROM2017_N1,'Età media delle spose, ponderata con i quozienti specifici di nuzialità.Per gli anni 2010-2016 si può cliccare sul Tipo dato e selezionare l"'indicatore corrispondente',,,,,,
A,Annuale,ITF6,Calabria,MAGEMBRGR_FROM2017,Età  media al matrimonio sposi (tutte le età),2013,34.46,,,,,TIPO_DATO15__MAGEMBRGR_FROM2017_N1,'Età media delle spose, ponderata con i quozienti specifici di nuzialità.Per gli anni 2010-2016 si può cliccare sul Tipo dato e selezionare l"'indicatore corrispondente',,,,,,
A,Annuale,ITF6,Calabria,MAGEMBRGR_FROM2017,Età  media al matrimonio sposi (tutte le età),2014,34.58,,,,,TIPO_DATO15__MAGEMBRGR_FROM2017_N1,'Età media delle spose, ponderata con i quozienti specifici di nuzialità.Per gli anni 2010-2016 si può cliccare sul Tipo dato e selezionare l"'indicatore corrispondente',,,,,,
A,Annuale,ITF6,Calabria,MAGEMBRGR_FROM2017,Età  media al matrimonio sposi (tutte le età),2015,34.82,,,,,TIPO_DATO15__MAGEMBRGR_FROM2017_N1,'Età media delle spose, ponderata con i quozienti specifici di nuzialità.Per gli anni 2010-2016 si può cliccare sul Tipo dato e selezionare l"'indicatore corrispondente',,,,,,
A,Annuale,ITF6,Calabria,MAGEMBRGR_FROM2017,Età  media al matrimonio sposi (tutte le età),2016,34.94,,,,,TIPO_DATO15__MAGEMBRGR_FROM2017_N1,'Età media delle spose, ponderata con i quozienti specifici di nuzialità.Per gli anni 2010-2016 si può cliccare sul Tipo dato e selezionare l"'indicatore corrispondente',,,,,,
A,Annuale,ITF6,Calabria,MAGEMBRGR_FROM2017,Età  media al matrimonio sposi (tutte le età),2017,35.32,,,,,TIPO_DATO15__MAGEMBRGR_FROM2017_N1,'Età media delle spose, ponderata con i quozienti specifici di nuzialità.Per gli anni 2010-2016 si può cliccare sul Tipo dato e selezionare l"'indicatore corrispondente',,,,,,
A,Annuale,ITF6,Calabria,MAGEMBRGR_FROM2017,Età  media al matrimonio sposi (tutte le età),2018,35.15,,,,,TIPO_DATO15__MAGEMBRGR_FROM2017_N1,'Età media delle spose, ponderata con i quozienti specifici di nuzialità.Per gli anni 2010-2016 si può cliccare sul Tipo dato e selezionare l"'indicatore corrispondente',,,,,,
A,Annuale,ITF6,Calabria,MAGEMBRGR_FROM2017,Età  media al matrimonio sposi (tutte le età),2019,35.55,,,,,TIPO_DATO15__MAGEMBRGR_FROM2017_N1,'Età media delle spose, ponderata con i quozienti specifici di nuzialità.Per gli anni 2010-2016 si può cliccare sul Tipo dato e selezionare l"'indicatore corrispondente',,,,,,
A,Annuale,ITF6,Calabria,MAGEMBRGR_FROM2017,Età  media al matrimonio sposi (tutte le età),2020,38.85,,,,,TIPO_DATO15__MAGEMBRGR_FROM2017_N1,'Età media delle spose, ponderata con i quozienti specifici di nuzialità.Per gli anni 2010-2016 si può cliccare sul Tipo dato e selezionare l"'indicatore corrispondente',,,,,,
A,Annuale,ITF6,Calabria,MAGEMBRGR_FROM2017,Età  media al matrimonio sposi (tutte le età),2021,35.56,,,,,TIPO_DATO15__MAGEMBRGR_FROM2017_N1,'Età media delle spose, ponderata con i quozienti specifici di nuzialità.Per gli anni 2010-2016 si può cliccare sul Tipo dato e selezionare l"'indicatore corrispondente',,,,,,
A,Annuale,ITF6,Calabria,MAGEMBRGR_FROM2017,Età  media al matrimonio sposi (tutte le età),2022,36.37,,,,,TIPO_DATO15__MAGEMBRGR_FROM2017_N1,'Età media delle spose, ponderata con i quozienti specifici di nuzialità.Per gli anni 2010-2016 si può cliccare sul Tipo dato e selezionare l"'indicatore corrispondente',,,,,,
A,Annuale,ITF6,Calabria,MAGEMBRGR_FROM2017,Età  media al matrimonio sposi (tutte le età),2023,36.99,e,Dato stimato,,,TIPO_DATO15__MAGEMBRGR_FROM2017_N1,'Età media delle spose, ponderata con i quozienti specifici di nuzialità.Per gli anni 2010-2016 si può cliccare sul Tipo dato e selezionare l"'indicatore corrispondente',,,,,,
A,Annuale,ITF6,Calabria,MAGEMBR_FROM2017,Età  media al matrimonio spose (tutte le età),2004,28.39,,,,,TIPO_DATO15__MAGEMBR_FROM2017_N1,'Età media delle spose, ponderata con i quozienti specifici di nuzialità.Per gli anni 2010-2016 si può cliccare sul Tipo dato e selezionare l"'indicatore corrispondente',,,,,,
A,Annuale,ITF6,Calabria,MAGEMBR_FROM2017,Età  media al matrimonio spose (tutte le età),2005,28.75,,,,,TIPO_DATO15__MAGEMBR_FROM2017_N1,'Età media delle spose, ponderata con i quozienti specifici di nuzialità.Per gli anni 2010-2016 si può cliccare sul Tipo dato e selezionare l"'indicatore corrispondente',,,,,,
A,Annuale,ITF6,Calabria,MAGEMBR_FROM2017,Età  media al matrimonio spose (tutte le età),2006,28.97,,,,,TIPO_DATO15__MAGEMBR_FROM2017_N1,'Età media delle spose, ponderata con i quozienti specifici di nuzialità.Per gli anni 2010-2016 si può cliccare sul Tipo dato e selezionare l"'indicatore corrispondente',,,,,,
A,Annuale,ITF6,Calabria,MAGEMBR_FROM2017,Età  media al matrimonio spose (tutte le età),2007,29.13,,,,,TIPO_DATO15__MAGEMBR_FROM2017_N1,'Età media delle spose, ponderata con i quozienti specifici di nuzialità.Per gli anni 2010-2016 si può cliccare sul Tipo dato e selezionare l"'indicatore corrispondente',,,,,,
A,Annuale,ITF6,Calabria,MAGEMBR_FROM2017,Età  media al matrimonio spose (tutte le età),2008,29.38,,,,,TIPO_DATO15__MAGEMBR_FROM2017_N1,'Età media delle spose, ponderata con i quozienti specifici di nuzialità.Per gli anni 2010-2016 si può cliccare sul Tipo dato e selezionare l"'indicatore corrispondente',,,,,,
A,Annuale,ITF6,Calabria,MAGEMBR_FROM2017,Età  media al matrimonio spose (tutte le età),2009,29.63,,,,,TIPO_DATO15__MAGEMBR_FROM2017_N1,'Età media delle spose, ponderata con i quozienti specifici di nuzialità.Per gli anni 2010-2016 si può cliccare sul Tipo dato e selezionare l"'indicatore corrispondente',,,,,,
A,Annuale,ITF6,Calabria,MAGEMBR_FROM2017,Età  media al matrimonio spose (tutte le età),2010,29.72,,,,,TIPO_DATO15__MAGEMBR_FROM2017_N1,'Età media delle spose, ponderata con i quozienti specifici di nuzialità.Per gli anni 2010-2016 si può cliccare sul Tipo dato e selezionare l"'indicatore corrispondente',,,,,,
A,Annuale,ITF6,Calabria,MAGEMBR_FROM2017,Età  media al matrimonio spose (tutte le età),2011,30,,,,,TIPO_DATO15__MAGEMBR_FROM2017_N1,'Età media delle spose, ponderata con i quozienti specifici di nuzialità.Per gli anni 2010-2016 si può cliccare sul Tipo dato e selezionare l"'indicatore corrispondente',,,,,,
A,Annuale,ITF6,Calabria,MAGEMBR_FROM2017,Età  media al matrimonio spose (tutte le età),2012,29.92,,,,,TIPO_DATO15__MAGEMBR_FROM2017_N1,'Età media delle spose, ponderata con i quozienti specifici di nuzialità.Per gli anni 2010-2016 si può cliccare sul Tipo dato e selezionare l"'indicatore corrispondente',,,,,,
A,Annuale,ITF6,Calabria,MAGEMBR_FROM2017,Età  media al matrimonio spose (tutte le età),2013,30.39,,,,,TIPO_DATO15__MAGEMBR_FROM2017_N1,'Età media delle spose, ponderata con i quozienti specifici di nuzialità.Per gli anni 2010-2016 si può cliccare sul Tipo dato e selezionare l"'indicatore corrispondente',,,,,,
A,Annuale,ITF6,Calabria,MAGEMBR_FROM2017,Età  media al matrimonio spose (tutte le età),2014,30.66,,,,,TIPO_DATO15__MAGEMBR_FROM2017_N1,'Età media delle spose, ponderata con i quozienti specifici di nuzialità.Per gli anni 2010-2016 si può cliccare sul Tipo dato e selezionare l"'indicatore corrispondente',,,,,,
A,Annuale,ITF6,Calabria,MAGEMBR_FROM2017,Età  media al matrimonio spose (tutte le età),2015,30.94,,,,,TIPO_DATO15__MAGEMBR_FROM2017_N1,'Età media delle spose, ponderata con i quozienti specifici di nuzialità.Per gli anni 2010-2016 si può cliccare sul Tipo dato e selezionare l"'indicatore corrispondente',,,,,,
A,Annuale,ITF6,Calabria,MAGEMBR_FROM2017,Età  media al matrimonio spose (tutte le età),2016,31.06,,,,,TIPO_DATO15__MAGEMBR_FROM2017_N1,'Età media delle spose, ponderata con i quozienti specifici di nuzialità.Per gli anni 2010-2016 si può cliccare sul Tipo dato e selezionare l"'indicatore corrispondente',,,,,,
A,Annuale,ITF6,Calabria,MAGEMBR_FROM2017,Età  media al matrimonio spose (tutte le età),2017,31.4,,,,,TIPO_DATO15__MAGEMBR_FROM2017_N1,'Età media delle spose, ponderata con i quozienti specifici di nuzialità.Per gli anni 2010-2016 si può cliccare sul Tipo dato e selezionare l"'indicatore corrispondente',,,,,,
A,Annuale,ITF6,Calabria,MAGEMBR_FROM2017,Età  media al matrimonio spose (tutte le età),2018,31.29,,,,,TIPO_DATO15__MAGEMBR_FROM2017_N1,'Età media delle spose, ponderata con i quozienti specifici di nuzialità.Per gli anni 2010-2016 si può cliccare sul Tipo dato e selezionare l"'indicatore corrispondente',,,,,,
A,Annuale,ITF6,Calabria,MAGEMBR_FROM2017,Età  media al matrimonio spose (tutte le età),2019,31.73,,,,,TIPO_DATO15__MAGEMBR_FROM2017_N1,'Età media delle spose, ponderata con i quozienti specifici di nuzialità.Per gli anni 2010-2016 si può cliccare sul Tipo dato e selezionare l"'indicatore corrispondente',,,,,,
A,Annuale,ITF6,Calabria,MAGEMBR_FROM2017,Età  media al matrimonio spose (tutte le età),2020,32.9,,,,,TIPO_DATO15__MAGEMBR_FROM2017_N1,'Età media delle spose, ponderata con i quozienti specifici di nuzialità.Per gli anni 2010-2016 si può cliccare sul Tipo dato e selezionare l"'indicatore corrispondente',,,,,,
A,Annuale,ITF6,Calabria,MAGEMBR_FROM2017,Età  media al matrimonio spose (tutte le età),2021,31.99,,,,,TIPO_DATO15__MAGEMBR_FROM2017_N1,'Età media delle spose, ponderata con i quozienti specifici di nuzialità.Per gli anni 2010-2016 si può cliccare sul Tipo dato e selezionare l"'indicatore corrispondente',,,,,,
A,Annuale,ITF6,Calabria,MAGEMBR_FROM2017,Età  media al matrimonio spose (tutte le età),2022,32.46,,,,,TIPO_DATO15__MAGEMBR_FROM2017_N1,'Età media delle spose, ponderata con i quozienti specifici di nuzialità.Per gli anni 2010-2016 si può cliccare sul Tipo dato e selezionare l"'indicatore corrispondente',,,,,,
A,Annuale,ITF6,Calabria,MAGEMBR_FROM2017,Età  media al matrimonio spose (tutte le età),2023,32.7,e,Dato stimato,,,TIPO_DATO15__MAGEMBR_FROM2017_N1,'Età media delle spose, ponderata con i quozienti specifici di nuzialità.Per gli anni 2010-2016 si può cliccare sul Tipo dato e selezionare l"'indicatore corrispondente',,,,,,
A,Annuale,ITG1,Sicilia,CMARRGP_FROM2017,Matrimoni civili (%),2004,22.4,,,,,,,,,,,,
A,Annuale,ITG1,Sicilia,CMARRGP_FROM2017,Matrimoni civili (%),2005,20.7,,,,,,,,,,,,
A,Annuale,ITG1,Sicilia,CMARRGP_FROM2017,Matrimoni civili (%),2006,21.1,,,,,,,,,,,,
A,Annuale,ITG1,Sicilia,CMARRGP_FROM2017,Matrimoni civili (%),2007,20.7,,,,,,,,,,,,
A,Annuale,ITG1,Sicilia,CMARRGP_FROM2017,Matrimoni civili (%),2008,22.7,,,,,,,,,,,,
A,Annuale,ITG1,Sicilia,CMARRGP_FROM2017,Matrimoni civili (%),2009,23.8,,,,,,,,,,,,
A,Annuale,ITG1,Sicilia,CMARRGP_FROM2017,Matrimoni civili (%),2010,23.6,,,,,,,,,,,,
A,Annuale,ITG1,Sicilia,CMARRGP_FROM2017,Matrimoni civili (%),2011,24.7,,,,,,,,,,,,
A,Annuale,ITG1,Sicilia,CMARRGP_FROM2017,Matrimoni civili (%),2012,25.1,,,,,,,,,,,,
A,Annuale,ITG1,Sicilia,CMARRGP_FROM2017,Matrimoni civili (%),2013,27.2,,,,,,,,,,,,
A,Annuale,ITG1,Sicilia,CMARRGP_FROM2017,Matrimoni civili (%),2014,28.3,,,,,,,,,,,,
A,Annuale,ITG1,Sicilia,CMARRGP_FROM2017,Matrimoni civili (%),2015,29.7,,,,,,,,,,,,
A,Annuale,ITG1,Sicilia,CMARRGP_FROM2017,Matrimoni civili (%),2016,30,,,,,,,,,,,,
A,Annuale,ITG1,Sicilia,CMARRGP_FROM2017,Matrimoni civili (%),2017,32.3,,,,,,,,,,,,
A,Annuale,ITG1,Sicilia,CMARRGP_FROM2017,Matrimoni civili (%),2018,31.8,,,,,,,,,,,,
A,Annuale,ITG1,Sicilia,CMARRGP_FROM2017,Matrimoni civili (%),2019,33.5,,,,,,,,,,,,
A,Annuale,ITG1,Sicilia,CMARRGP_FROM2017,Matrimoni civili (%),2020,48.7,,,,,,,,,,,,
A,Annuale,ITG1,Sicilia,CMARRGP_FROM2017,Matrimoni civili (%),2021,32,,,,,,,,,,,,
A,Annuale,ITG1,Sicilia,CMARRGP_FROM2017,Matrimoni civili (%),2022,36.2,,,,,,,,,,,,
A,Annuale,ITG1,Sicilia,CMARRGP_FROM2017,Matrimoni civili (%),2023,37.5,,,,,,,,,,,,
A,Annuale,ITG1,Sicilia,NUPT_TOTM_FROM2017,Tasso di nuzialità  totale sposi-valori per mille,2004,686.1,,,,,,,,,,,,
A,Annuale,ITG1,Sicilia,NUPT_TOTM_FROM2017,Tasso di nuzialità  totale sposi-valori per mille,2005,665.5,,,,,,,,,,,,
A,Annuale,ITG1,Sicilia,NUPT_TOTM_FROM2017,Tasso di nuzialità  totale sposi-valori per mille,2006,671.9,,,,,,,,,,,,
A,Annuale,ITG1,Sicilia,NUPT_TOTM_FROM2017,Tasso di nuzialità  totale sposi-valori per mille,2007,678,,,,,,,,,,,,
A,Annuale,ITG1,Sicilia,NUPT_TOTM_FROM2017,Tasso di nuzialità  totale sposi-valori per mille,2008,690.3,,,,,,,,,,,,
A,Annuale,ITG1,Sicilia,NUPT_TOTM_FROM2017,Tasso di nuzialità  totale sposi-valori per mille,2009,665,,,,,,,,,,,,
A,Annuale,ITG1,Sicilia,NUPT_TOTM_FROM2017,Tasso di nuzialità  totale sposi-valori per mille,2010,641.7,,,,,,,,,,,,
A,Annuale,ITG1,Sicilia,NUPT_TOTM_FROM2017,Tasso di nuzialità  totale sposi-valori per mille,2011,597.4,,,,,,,,,,,,
A,Annuale,ITG1,Sicilia,NUPT_TOTM_FROM2017,Tasso di nuzialità  totale sposi-valori per mille,2012,608.9,,,,,,,,,,,,
A,Annuale,ITG1,Sicilia,NUPT_TOTM_FROM2017,Tasso di nuzialità  totale sposi-valori per mille,2013,581.6,,,,,,,,,,,,
A,Annuale,ITG1,Sicilia,NUPT_TOTM_FROM2017,Tasso di nuzialità  totale sposi-valori per mille,2014,546.5,,,,,,,,,,,,
A,Annuale,ITG1,Sicilia,NUPT_TOTM_FROM2017,Tasso di nuzialità  totale sposi-valori per mille,2015,582.4,,,,,,,,,,,,
A,Annuale,ITG1,Sicilia,NUPT_TOTM_FROM2017,Tasso di nuzialità  totale sposi-valori per mille,2016,601.5,,,,,,,,,,,,
A,Annuale,ITG1,Sicilia,NUPT_TOTM_FROM2017,Tasso di nuzialità  totale sposi-valori per mille,2017,575.5,,,,,,,,,,,,
A,Annuale,ITG1,Sicilia,NUPT_TOTM_FROM2017,Tasso di nuzialità  totale sposi-valori per mille,2018,615,,,,,,,,,,,,
A,Annuale,ITG1,Sicilia,NUPT_TOTM_FROM2017,Tasso di nuzialità  totale sposi-valori per mille,2019,569.6,,,,,,,,,,,,
A,Annuale,ITG1,Sicilia,NUPT_TOTM_FROM2017,Tasso di nuzialità  totale sposi-valori per mille,2020,285.7,,,,,,,,,,,,
A,Annuale,ITG1,Sicilia,NUPT_TOTM_FROM2017,Tasso di nuzialità  totale sposi-valori per mille,2021,643.9,,,,,,,,,,,,
A,Annuale,ITG1,Sicilia,NUPT_TOTM_FROM2017,Tasso di nuzialità  totale sposi-valori per mille,2022,578.6,,,,,,,,,,,,
A,Annuale,ITG1,Sicilia,NUPT_TOTM_FROM2017,Tasso di nuzialità  totale sposi-valori per mille,2023,554.3,e,Dato stimato,,,,,,,,,,
A,Annuale,ITG1,Sicilia,NUPT_TOTW_FROM2017,Tasso di nuzialità totale spose-valori per mille,2004,712.7,,,,,,,,,,,,
A,Annuale,ITG1,Sicilia,NUPT_TOTW_FROM2017,Tasso di nuzialità totale spose-valori per mille,2005,698.3,,,,,,,,,,,,
A,Annuale,ITG1,Sicilia,NUPT_TOTW_FROM2017,Tasso di nuzialità totale spose-valori per mille,2006,702.1,,,,,,,,,,,,
A,Annuale,ITG1,Sicilia,NUPT_TOTW_FROM2017,Tasso di nuzialità totale spose-valori per mille,2007,706.3,,,,,,,,,,,,
A,Annuale,ITG1,Sicilia,NUPT_TOTW_FROM2017,Tasso di nuzialità totale spose-valori per mille,2008,718.9,,,,,,,,,,,,
A,Annuale,ITG1,Sicilia,NUPT_TOTW_FROM2017,Tasso di nuzialità totale spose-valori per mille,2009,692.9,,,,,,,,,,,,
A,Annuale,ITG1,Sicilia,NUPT_TOTW_FROM2017,Tasso di nuzialità totale spose-valori per mille,2010,668.7,,,,,,,,,,,,
A,Annuale,ITG1,Sicilia,NUPT_TOTW_FROM2017,Tasso di nuzialità totale spose-valori per mille,2011,627.9,,,,,,,,,,,,
A,Annuale,ITG1,Sicilia,NUPT_TOTW_FROM2017,Tasso di nuzialità totale spose-valori per mille,2012,640.1,,,,,,,,,,,,
A,Annuale,ITG1,Sicilia,NUPT_TOTW_FROM2017,Tasso di nuzialità totale spose-valori per mille,2013,615.8,,,,,,,,,,,,
A,Annuale,ITG1,Sicilia,NUPT_TOTW_FROM2017,Tasso di nuzialità totale spose-valori per mille,2014,581.5,,,,,,,,,,,,
A,Annuale,ITG1,Sicilia,NUPT_TOTW_FROM2017,Tasso di nuzialità totale spose-valori per mille,2015,624.5,,,,,,,,,,,,
A,Annuale,ITG1,Sicilia,NUPT_TOTW_FROM2017,Tasso di nuzialità totale spose-valori per mille,2016,648.3,,,,,,,,,,,,
A,Annuale,ITG1,Sicilia,NUPT_TOTW_FROM2017,Tasso di nuzialità totale spose-valori per mille,2017,623.3,,,,,,,,,,,,
A,Annuale,ITG1,Sicilia,NUPT_TOTW_FROM2017,Tasso di nuzialità totale spose-valori per mille,2018,667.3,,,,,,,,,,,,
A,Annuale,ITG1,Sicilia,NUPT_TOTW_FROM2017,Tasso di nuzialità totale spose-valori per mille,2019,617.8,,,,,,,,,,,,
A,Annuale,ITG1,Sicilia,NUPT_TOTW_FROM2017,Tasso di nuzialità totale spose-valori per mille,2020,313.9,,,,,,,,,,,,
A,Annuale,ITG1,Sicilia,NUPT_TOTW_FROM2017,Tasso di nuzialità totale spose-valori per mille,2021,691.6,,,,,,,,,,,,
A,Annuale,ITG1,Sicilia,NUPT_TOTW_FROM2017,Tasso di nuzialità totale spose-valori per mille,2022,628.3,,,,,,,,,,,,
A,Annuale,ITG1,Sicilia,NUPT_TOTW_FROM2017,Tasso di nuzialità totale spose-valori per mille,2023,609.7,e,Dato stimato,,,,,,,,,,
A,Annuale,ITG1,Sicilia,MAGEMBRGR_FROM2017,Età  media al matrimonio sposi (tutte le età),2004,32.69,,,,,TIPO_DATO15__MAGEMBRGR_FROM2017_N1,'Età media delle spose, ponderata con i quozienti specifici di nuzialità.Per gli anni 2010-2016 si può cliccare sul Tipo dato e selezionare l"'indicatore corrispondente',,,,,,
A,Annuale,ITG1,Sicilia,MAGEMBRGR_FROM2017,Età  media al matrimonio sposi (tutte le età),2005,33.54,,,,,TIPO_DATO15__MAGEMBRGR_FROM2017_N1,'Età media delle spose, ponderata con i quozienti specifici di nuzialità.Per gli anni 2010-2016 si può cliccare sul Tipo dato e selezionare l"'indicatore corrispondente',,,,,,
A,Annuale,ITG1,Sicilia,MAGEMBRGR_FROM2017,Età  media al matrimonio sposi (tutte le età),2006,33.88,,,,,TIPO_DATO15__MAGEMBRGR_FROM2017_N1,'Età media delle spose, ponderata con i quozienti specifici di nuzialità.Per gli anni 2010-2016 si può cliccare sul Tipo dato e selezionare l"'indicatore corrispondente',,,,,,
A,Annuale,ITG1,Sicilia,MAGEMBRGR_FROM2017,Età  media al matrimonio sposi (tutte le età),2007,32.94,,,,,TIPO_DATO15__MAGEMBRGR_FROM2017_N1,'Età media delle spose, ponderata con i quozienti specifici di nuzialità.Per gli anni 2010-2016 si può cliccare sul Tipo dato e selezionare l"'indicatore corrispondente',,,,,,
A,Annuale,ITG1,Sicilia,MAGEMBRGR_FROM2017,Età  media al matrimonio sposi (tutte le età),2008,33.13,,,,,TIPO_DATO15__MAGEMBRGR_FROM2017_N1,'Età media delle spose, ponderata con i quozienti specifici di nuzialità.Per gli anni 2010-2016 si può cliccare sul Tipo dato e selezionare l"'indicatore corrispondente',,,,,,
A,Annuale,ITG1,Sicilia,MAGEMBRGR_FROM2017,Età  media al matrimonio sposi (tutte le età),2009,33.38,,,,,TIPO_DATO15__MAGEMBRGR_FROM2017_N1,'Età media delle spose, ponderata con i quozienti specifici di nuzialità.Per gli anni 2010-2016 si può cliccare sul Tipo dato e selezionare l"'indicatore corrispondente',,,,,,
A,Annuale,ITG1,Sicilia,MAGEMBRGR_FROM2017,Età  media al matrimonio sposi (tutte le età),2010,33.42,,,,,TIPO_DATO15__MAGEMBRGR_FROM2017_N1,'Età media delle spose, ponderata con i quozienti specifici di nuzialità.Per gli anni 2010-2016 si può cliccare sul Tipo dato e selezionare l"'indicatore corrispondente',,,,,,
A,Annuale,ITG1,Sicilia,MAGEMBRGR_FROM2017,Età  media al matrimonio sposi (tutte le età),2011,33.63,,,,,TIPO_DATO15__MAGEMBRGR_FROM2017_N1,'Età media delle spose, ponderata con i quozienti specifici di nuzialità.Per gli anni 2010-2016 si può cliccare sul Tipo dato e selezionare l"'indicatore corrispondente',,,,,,
A,Annuale,ITG1,Sicilia,MAGEMBRGR_FROM2017,Età  media al matrimonio sposi (tutte le età),2012,33.85,,,,,TIPO_DATO15__MAGEMBRGR_FROM2017_N1,'Età media delle spose, ponderata con i quozienti specifici di nuzialità.Per gli anni 2010-2016 si può cliccare sul Tipo dato e selezionare l"'indicatore corrispondente',,,,,,
A,Annuale,ITG1,Sicilia,MAGEMBRGR_FROM2017,Età  media al matrimonio sposi (tutte le età),2013,34.34,,,,,TIPO_DATO15__MAGEMBRGR_FROM2017_N1,'Età media delle spose, ponderata con i quozienti specifici di nuzialità.Per gli anni 2010-2016 si può cliccare sul Tipo dato e selezionare l"'indicatore corrispondente',,,,,,
A,Annuale,ITG1,Sicilia,MAGEMBRGR_FROM2017,Età  media al matrimonio sposi (tutte le età),2014,34.57,,,,,TIPO_DATO15__MAGEMBRGR_FROM2017_N1,'Età media delle spose, ponderata con i quozienti specifici di nuzialità.Per gli anni 2010-2016 si può cliccare sul Tipo dato e selezionare l"'indicatore corrispondente',,,,,,
A,Annuale,ITG1,Sicilia,MAGEMBRGR_FROM2017,Età  media al matrimonio sposi (tutte le età),2015,34.85,,,,,TIPO_DATO15__MAGEMBRGR_FROM2017_N1,'Età media delle spose, ponderata con i quozienti specifici di nuzialità.Per gli anni 2010-2016 si può cliccare sul Tipo dato e selezionare l"'indicatore corrispondente',,,,,,
A,Annuale,ITG1,Sicilia,MAGEMBRGR_FROM2017,Età  media al matrimonio sposi (tutte le età),2016,35.09,,,,,TIPO_DATO15__MAGEMBRGR_FROM2017_N1,'Età media delle spose, ponderata con i quozienti specifici di nuzialità.Per gli anni 2010-2016 si può cliccare sul Tipo dato e selezionare l"'indicatore corrispondente',,,,,,
A,Annuale,ITG1,Sicilia,MAGEMBRGR_FROM2017,Età  media al matrimonio sposi (tutte le età),2017,35.4,,,,,TIPO_DATO15__MAGEMBRGR_FROM2017_N1,'Età media delle spose, ponderata con i quozienti specifici di nuzialità.Per gli anni 2010-2016 si può cliccare sul Tipo dato e selezionare l"'indicatore corrispondente',,,,,,
A,Annuale,ITG1,Sicilia,MAGEMBRGR_FROM2017,Età  media al matrimonio sposi (tutte le età),2018,35.56,,,,,TIPO_DATO15__MAGEMBRGR_FROM2017_N1,'Età media delle spose, ponderata con i quozienti specifici di nuzialità.Per gli anni 2010-2016 si può cliccare sul Tipo dato e selezionare l"'indicatore corrispondente',,,,,,
A,Annuale,ITG1,Sicilia,MAGEMBRGR_FROM2017,Età  media al matrimonio sposi (tutte le età),2019,35.87,,,,,TIPO_DATO15__MAGEMBRGR_FROM2017_N1,'Età media delle spose, ponderata con i quozienti specifici di nuzialità.Per gli anni 2010-2016 si può cliccare sul Tipo dato e selezionare l"'indicatore corrispondente',,,,,,
A,Annuale,ITG1,Sicilia,MAGEMBRGR_FROM2017,Età  media al matrimonio sposi (tutte le età),2020,37.37,,,,,TIPO_DATO15__MAGEMBRGR_FROM2017_N1,'Età media delle spose, ponderata con i quozienti specifici di nuzialità.Per gli anni 2010-2016 si può cliccare sul Tipo dato e selezionare l"'indicatore corrispondente',,,,,,
A,Annuale,ITG1,Sicilia,MAGEMBRGR_FROM2017,Età  media al matrimonio sposi (tutte le età),2021,36,,,,,TIPO_DATO15__MAGEMBRGR_FROM2017_N1,'Età media delle spose, ponderata con i quozienti specifici di nuzialità.Per gli anni 2010-2016 si può cliccare sul Tipo dato e selezionare l"'indicatore corrispondente',,,,,,
A,Annuale,ITG1,Sicilia,MAGEMBRGR_FROM2017,Età  media al matrimonio sposi (tutte le età),2022,36.77,,,,,TIPO_DATO15__MAGEMBRGR_FROM2017_N1,'Età media delle spose, ponderata con i quozienti specifici di nuzialità.Per gli anni 2010-2016 si può cliccare sul Tipo dato e selezionare l"'indicatore corrispondente',,,,,,
A,Annuale,ITG1,Sicilia,MAGEMBRGR_FROM2017,Età  media al matrimonio sposi (tutte le età),2023,37.27,e,Dato stimato,,,TIPO_DATO15__MAGEMBRGR_FROM2017_N1,'Età media delle spose, ponderata con i quozienti specifici di nuzialità.Per gli anni 2010-2016 si può cliccare sul Tipo dato e selezionare l"'indicatore corrispondente',,,,,,
A,Annuale,ITG1,Sicilia,MAGEMBR_FROM2017,Età  media al matrimonio spose (tutte le età),2004,28.36,,,,,TIPO_DATO15__MAGEMBR_FROM2017_N1,'Età media delle spose, ponderata con i quozienti specifici di nuzialità.Per gli anni 2010-2016 si può cliccare sul Tipo dato e selezionare l"'indicatore corrispondente',,,,,,
A,Annuale,ITG1,Sicilia,MAGEMBR_FROM2017,Età  media al matrimonio spose (tutte le età),2005,28.44,,,,,TIPO_DATO15__MAGEMBR_FROM2017_N1,'Età media delle spose, ponderata con i quozienti specifici di nuzialità.Per gli anni 2010-2016 si può cliccare sul Tipo dato e selezionare l"'indicatore corrispondente',,,,,,
A,Annuale,ITG1,Sicilia,MAGEMBR_FROM2017,Età  media al matrimonio spose (tutte le età),2006,28.62,,,,,TIPO_DATO15__MAGEMBR_FROM2017_N1,'Età media delle spose, ponderata con i quozienti specifici di nuzialità.Per gli anni 2010-2016 si può cliccare sul Tipo dato e selezionare l"'indicatore corrispondente',,,,,,
A,Annuale,ITG1,Sicilia,MAGEMBR_FROM2017,Età  media al matrimonio spose (tutte le età),2007,28.9,,,,,TIPO_DATO15__MAGEMBR_FROM2017_N1,'Età media delle spose, ponderata con i quozienti specifici di nuzialità.Per gli anni 2010-2016 si può cliccare sul Tipo dato e selezionare l"'indicatore corrispondente',,,,,,
A,Annuale,ITG1,Sicilia,MAGEMBR_FROM2017,Età  media al matrimonio spose (tutte le età),2008,29.13,,,,,TIPO_DATO15__MAGEMBR_FROM2017_N1,'Età media delle spose, ponderata con i quozienti specifici di nuzialità.Per gli anni 2010-2016 si può cliccare sul Tipo dato e selezionare l"'indicatore corrispondente',,,,,,
A,Annuale,ITG1,Sicilia,MAGEMBR_FROM2017,Età  media al matrimonio spose (tutte le età),2009,29.35,,,,,TIPO_DATO15__MAGEMBR_FROM2017_N1,'Età media delle spose, ponderata con i quozienti specifici di nuzialità.Per gli anni 2010-2016 si può cliccare sul Tipo dato e selezionare l"'indicatore corrispondente',,,,,,
A,Annuale,ITG1,Sicilia,MAGEMBR_FROM2017,Età  media al matrimonio spose (tutte le età),2010,29.6,,,,,TIPO_DATO15__MAGEMBR_FROM2017_N1,'Età media delle spose, ponderata con i quozienti specifici di nuzialità.Per gli anni 2010-2016 si può cliccare sul Tipo dato e selezionare l"'indicatore corrispondente',,,,,,
A,Annuale,ITG1,Sicilia,MAGEMBR_FROM2017,Età  media al matrimonio spose (tutte le età),2011,29.67,,,,,TIPO_DATO15__MAGEMBR_FROM2017_N1,'Età media delle spose, ponderata con i quozienti specifici di nuzialità.Per gli anni 2010-2016 si può cliccare sul Tipo dato e selezionare l"'indicatore corrispondente',,,,,,
A,Annuale,ITG1,Sicilia,MAGEMBR_FROM2017,Età  media al matrimonio spose (tutte le età),2012,29.89,,,,,TIPO_DATO15__MAGEMBR_FROM2017_N1,'Età media delle spose, ponderata con i quozienti specifici di nuzialità.Per gli anni 2010-2016 si può cliccare sul Tipo dato e selezionare l"'indicatore corrispondente',,,,,,
A,Annuale,ITG1,Sicilia,MAGEMBR_FROM2017,Età  media al matrimonio spose (tutte le età),2013,30.38,,,,,TIPO_DATO15__MAGEMBR_FROM2017_N1,'Età media delle spose, ponderata con i quozienti specifici di nuzialità.Per gli anni 2010-2016 si può cliccare sul Tipo dato e selezionare l"'indicatore corrispondente',,,,,,
A,Annuale,ITG1,Sicilia,MAGEMBR_FROM2017,Età  media al matrimonio spose (tutte le età),2014,30.61,,,,,TIPO_DATO15__MAGEMBR_FROM2017_N1,'Età media delle spose, ponderata con i quozienti specifici di nuzialità.Per gli anni 2010-2016 si può cliccare sul Tipo dato e selezionare l"'indicatore corrispondente',,,,,,
A,Annuale,ITG1,Sicilia,MAGEMBR_FROM2017,Età  media al matrimonio spose (tutte le età),2015,30.98,,,,,TIPO_DATO15__MAGEMBR_FROM2017_N1,'Età media delle spose, ponderata con i quozienti specifici di nuzialità.Per gli anni 2010-2016 si può cliccare sul Tipo dato e selezionare l"'indicatore corrispondente',,,,,,
A,Annuale,ITG1,Sicilia,MAGEMBR_FROM2017,Età  media al matrimonio spose (tutte le età),2016,31.21,,,,,TIPO_DATO15__MAGEMBR_FROM2017_N1,'Età media delle spose, ponderata con i quozienti specifici di nuzialità.Per gli anni 2010-2016 si può cliccare sul Tipo dato e selezionare l"'indicatore corrispondente',,,,,,
A,Annuale,ITG1,Sicilia,MAGEMBR_FROM2017,Età  media al matrimonio spose (tutte le età),2017,31.55,,,,,TIPO_DATO15__MAGEMBR_FROM2017_N1,'Età media delle spose, ponderata con i quozienti specifici di nuzialità.Per gli anni 2010-2016 si può cliccare sul Tipo dato e selezionare l"'indicatore corrispondente',,,,,,
A,Annuale,ITG1,Sicilia,MAGEMBR_FROM2017,Età  media al matrimonio spose (tutte le età),2018,31.65,,,,,TIPO_DATO15__MAGEMBR_FROM2017_N1,'Età media delle spose, ponderata con i quozienti specifici di nuzialità.Per gli anni 2010-2016 si può cliccare sul Tipo dato e selezionare l"'indicatore corrispondente',,,,,,
A,Annuale,ITG1,Sicilia,MAGEMBR_FROM2017,Età  media al matrimonio spose (tutte le età),2019,32.01,,,,,TIPO_DATO15__MAGEMBR_FROM2017_N1,'Età media delle spose, ponderata con i quozienti specifici di nuzialità.Per gli anni 2010-2016 si può cliccare sul Tipo dato e selezionare l"'indicatore corrispondente',,,,,,
A,Annuale,ITG1,Sicilia,MAGEMBR_FROM2017,Età  media al matrimonio spose (tutte le età),2020,32.86,,,,,TIPO_DATO15__MAGEMBR_FROM2017_N1,'Età media delle spose, ponderata con i quozienti specifici di nuzialità.Per gli anni 2010-2016 si può cliccare sul Tipo dato e selezionare l"'indicatore corrispondente',,,,,,
A,Annuale,ITG1,Sicilia,MAGEMBR_FROM2017,Età  media al matrimonio spose (tutte le età),2021,32.31,,,,,TIPO_DATO15__MAGEMBR_FROM2017_N1,'Età media delle spose, ponderata con i quozienti specifici di nuzialità.Per gli anni 2010-2016 si può cliccare sul Tipo dato e selezionare l"'indicatore corrispondente',,,,,,
A,Annuale,ITG1,Sicilia,MAGEMBR_FROM2017,Età  media al matrimonio spose (tutte le età),2022,33.04,,,,,TIPO_DATO15__MAGEMBR_FROM2017_N1,'Età media delle spose, ponderata con i quozienti specifici di nuzialità.Per gli anni 2010-2016 si può cliccare sul Tipo dato e selezionare l"'indicatore corrispondente',,,,,,
A,Annuale,ITG1,Sicilia,MAGEMBR_FROM2017,Età  media al matrimonio spose (tutte le età),2023,33.23,e,Dato stimato,,,TIPO_DATO15__MAGEMBR_FROM2017_N1,'Età media delle spose, ponderata con i quozienti specifici di nuzialità.Per gli anni 2010-2016 si può cliccare sul Tipo dato e selezionare l"'indicatore corrispondente',,,,,,
A,Annuale,ITG2,Sardegna,CMARRGP_FROM2017,Matrimoni civili (%),2004,30.6,,,,,,,,,,,,
A,Annuale,ITG2,Sardegna,CMARRGP_FROM2017,Matrimoni civili (%),2005,31.3,,,,,,,,,,,,
A,Annuale,ITG2,Sardegna,CMARRGP_FROM2017,Matrimoni civili (%),2006,33.4,,,,,,,,,,,,
A,Annuale,ITG2,Sardegna,CMARRGP_FROM2017,Matrimoni civili (%),2007,34,,,,,,,,,,,,
A,Annuale,ITG2,Sardegna,CMARRGP_FROM2017,Matrimoni civili (%),2008,39.3,,,,,,,,,,,,
A,Annuale,ITG2,Sardegna,CMARRGP_FROM2017,Matrimoni civili (%),2009,40.9,,,,,,,,,,,,
A,Annuale,ITG2,Sardegna,CMARRGP_FROM2017,Matrimoni civili (%),2010,40.4,,,,,,,,,,,,
A,Annuale,ITG2,Sardegna,CMARRGP_FROM2017,Matrimoni civili (%),2011,40.8,,,,,,,,,,,,
A,Annuale,ITG2,Sardegna,CMARRGP_FROM2017,Matrimoni civili (%),2012,42.7,,,,,,,,,,,,
A,Annuale,ITG2,Sardegna,CMARRGP_FROM2017,Matrimoni civili (%),2013,46.9,,,,,,,,,,,,
A,Annuale,ITG2,Sardegna,CMARRGP_FROM2017,Matrimoni civili (%),2014,46.4,,,,,,,,,,,,
A,Annuale,ITG2,Sardegna,CMARRGP_FROM2017,Matrimoni civili (%),2015,46.9,,,,,,,,,,,,
A,Annuale,ITG2,Sardegna,CMARRGP_FROM2017,Matrimoni civili (%),2016,50.4,,,,,,,,,,,,
A,Annuale,ITG2,Sardegna,CMARRGP_FROM2017,Matrimoni civili (%),2017,50.8,,,,,,,,,,,,
A,Annuale,ITG2,Sardegna,CMARRGP_FROM2017,Matrimoni civili (%),2018,53.4,,,,,,,,,,,,
A,Annuale,ITG2,Sardegna,CMARRGP_FROM2017,Matrimoni civili (%),2019,55.7,,,,,,,,,,,,
A,Annuale,ITG2,Sardegna,CMARRGP_FROM2017,Matrimoni civili (%),2020,78.9,,,,,,,,,,,,
A,Annuale,ITG2,Sardegna,CMARRGP_FROM2017,Matrimoni civili (%),2021,65.8,,,,,,,,,,,,
A,Annuale,ITG2,Sardegna,CMARRGP_FROM2017,Matrimoni civili (%),2022,58.2,,,,,,,,,,,,
A,Annuale,ITG2,Sardegna,CMARRGP_FROM2017,Matrimoni civili (%),2023,60.2,,,,,,,,,,,,
A,Annuale,ITG2,Sardegna,NUPT_TOTM_FROM2017,Tasso di nuzialità  totale sposi-valori per mille,2004,517.7,,,,,,,,,,,,
A,Annuale,ITG2,Sardegna,NUPT_TOTM_FROM2017,Tasso di nuzialità  totale sposi-valori per mille,2005,495.8,,,,,,,,,,,,
A,Annuale,ITG2,Sardegna,NUPT_TOTM_FROM2017,Tasso di nuzialità  totale sposi-valori per mille,2006,507.1,,,,,,,,,,,,
A,Annuale,ITG2,Sardegna,NUPT_TOTM_FROM2017,Tasso di nuzialità  totale sposi-valori per mille,2007,540.1,,,,,,,,,,,,
A,Annuale,ITG2,Sardegna,NUPT_TOTM_FROM2017,Tasso di nuzialità  totale sposi-valori per mille,2008,561.6,,,,,,,,,,,,
A,Annuale,ITG2,Sardegna,NUPT_TOTM_FROM2017,Tasso di nuzialità  totale sposi-valori per mille,2009,519.9,,,,,,,,,,,,
A,Annuale,ITG2,Sardegna,NUPT_TOTM_FROM2017,Tasso di nuzialità  totale sposi-valori per mille,2010,486.5,,,,,,,,,,,,
A,Annuale,ITG2,Sardegna,NUPT_TOTM_FROM2017,Tasso di nuzialità  totale sposi-valori per mille,2011,446.8,,,,,,,,,,,,
A,Annuale,ITG2,Sardegna,NUPT_TOTM_FROM2017,Tasso di nuzialità  totale sposi-valori per mille,2012,444.9,,,,,,,,,,,,
A,Annuale,ITG2,Sardegna,NUPT_TOTM_FROM2017,Tasso di nuzialità  totale sposi-valori per mille,2013,420.4,,,,,,,,,,,,
A,Annuale,ITG2,Sardegna,NUPT_TOTM_FROM2017,Tasso di nuzialità  totale sposi-valori per mille,2014,386.3,,,,,,,,,,,,
A,Annuale,ITG2,Sardegna,NUPT_TOTM_FROM2017,Tasso di nuzialità  totale sposi-valori per mille,2015,394,,,,,,,,,,,,
A,Annuale,ITG2,Sardegna,NUPT_TOTM_FROM2017,Tasso di nuzialità  totale sposi-valori per mille,2016,421.2,,,,,,,,,,,,
A,Annuale,ITG2,Sardegna,NUPT_TOTM_FROM2017,Tasso di nuzialità  totale sposi-valori per mille,2017,393.9,,,,,,,,,,,,
A,Annuale,ITG2,Sardegna,NUPT_TOTM_FROM2017,Tasso di nuzialità  totale sposi-valori per mille,2018,392.3,,,,,,,,,,,,
A,Annuale,ITG2,Sardegna,NUPT_TOTM_FROM2017,Tasso di nuzialità  totale sposi-valori per mille,2019,375.8,,,,,,,,,,,,
A,Annuale,ITG2,Sardegna,NUPT_TOTM_FROM2017,Tasso di nuzialità  totale sposi-valori per mille,2020,186.3,,,,,,,,,,,,
A,Annuale,ITG2,Sardegna,NUPT_TOTM_FROM2017,Tasso di nuzialità  totale sposi-valori per mille,2021,317.7,,,,,,,,,,,,
A,Annuale,ITG2,Sardegna,NUPT_TOTM_FROM2017,Tasso di nuzialità  totale sposi-valori per mille,2022,369,,,,,,,,,,,,
A,Annuale,ITG2,Sardegna,NUPT_TOTM_FROM2017,Tasso di nuzialità  totale sposi-valori per mille,2023,346.6,e,Dato stimato,,,,,,,,,,
A,Annuale,ITG2,Sardegna,NUPT_TOTW_FROM2017,Tasso di nuzialità totale spose-valori per mille,2004,559.6,,,,,,,,,,,,
A,Annuale,ITG2,Sardegna,NUPT_TOTW_FROM2017,Tasso di nuzialità totale spose-valori per mille,2005,543.7,,,,,,,,,,,,
A,Annuale,ITG2,Sardegna,NUPT_TOTW_FROM2017,Tasso di nuzialità totale spose-valori per mille,2006,559.9,,,,,,,,,,,,
A,Annuale,ITG2,Sardegna,NUPT_TOTW_FROM2017,Tasso di nuzialità totale spose-valori per mille,2007,599,,,,,,,,,,,,
A,Annuale,ITG2,Sardegna,NUPT_TOTW_FROM2017,Tasso di nuzialità totale spose-valori per mille,2008,626.2,,,,,,,,,,,,
A,Annuale,ITG2,Sardegna,NUPT_TOTW_FROM2017,Tasso di nuzialità totale spose-valori per mille,2009,583.3,,,,,,,,,,,,
A,Annuale,ITG2,Sardegna,NUPT_TOTW_FROM2017,Tasso di nuzialità totale spose-valori per mille,2010,547,,,,,,,,,,,,
A,Annuale,ITG2,Sardegna,NUPT_TOTW_FROM2017,Tasso di nuzialità totale spose-valori per mille,2011,503.9,,,,,,,,,,,,
A,Annuale,ITG2,Sardegna,NUPT_TOTW_FROM2017,Tasso di nuzialità totale spose-valori per mille,2012,505.1,,,,,,,,,,,,
A,Annuale,ITG2,Sardegna,NUPT_TOTW_FROM2017,Tasso di nuzialità totale spose-valori per mille,2013,479.5,,,,,,,,,,,,
A,Annuale,ITG2,Sardegna,NUPT_TOTW_FROM2017,Tasso di nuzialità totale spose-valori per mille,2014,443.9,,,,,,,,,,,,
A,Annuale,ITG2,Sardegna,NUPT_TOTW_FROM2017,Tasso di nuzialità totale spose-valori per mille,2015,457.1,,,,,,,,,,,,
A,Annuale,ITG2,Sardegna,NUPT_TOTW_FROM2017,Tasso di nuzialità totale spose-valori per mille,2016,489.7,,,,,,,,,,,,
A,Annuale,ITG2,Sardegna,NUPT_TOTW_FROM2017,Tasso di nuzialità totale spose-valori per mille,2017,460.2,,,,,,,,,,,,
A,Annuale,ITG2,Sardegna,NUPT_TOTW_FROM2017,Tasso di nuzialità totale spose-valori per mille,2018,461.1,,,,,,,,,,,,
A,Annuale,ITG2,Sardegna,NUPT_TOTW_FROM2017,Tasso di nuzialità totale spose-valori per mille,2019,444.9,,,,,,,,,,,,
A,Annuale,ITG2,Sardegna,NUPT_TOTW_FROM2017,Tasso di nuzialità totale spose-valori per mille,2020,224.4,,,,,,,,,,,,
A,Annuale,ITG2,Sardegna,NUPT_TOTW_FROM2017,Tasso di nuzialità totale spose-valori per mille,2021,372.3,,,,,,,,,,,,
A,Annuale,ITG2,Sardegna,NUPT_TOTW_FROM2017,Tasso di nuzialità totale spose-valori per mille,2022,439.5,,,,,,,,,,,,
A,Annuale,ITG2,Sardegna,NUPT_TOTW_FROM2017,Tasso di nuzialità totale spose-valori per mille,2023,418.2,e,Dato stimato,,,,,,,,,,
A,Annuale,ITG2,Sardegna,MAGEMBRGR_FROM2017,Età  media al matrimonio sposi (tutte le età),2004,34.9,,,,,TIPO_DATO15__MAGEMBRGR_FROM2017_N1,'Età media delle spose, ponderata con i quozienti specifici di nuzialità.Per gli anni 2010-2016 si può cliccare sul Tipo dato e selezionare l"'indicatore corrispondente',,,,,,
A,Annuale,ITG2,Sardegna,MAGEMBRGR_FROM2017,Età  media al matrimonio sposi (tutte le età),2005,34.97,,,,,TIPO_DATO15__MAGEMBRGR_FROM2017_N1,'Età media delle spose, ponderata con i quozienti specifici di nuzialità.Per gli anni 2010-2016 si può cliccare sul Tipo dato e selezionare l"'indicatore corrispondente',,,,,,
A,Annuale,ITG2,Sardegna,MAGEMBRGR_FROM2017,Età  media al matrimonio sposi (tutte le età),2006,35.34,,,,,TIPO_DATO15__MAGEMBRGR_FROM2017_N1,'Età media delle spose, ponderata con i quozienti specifici di nuzialità.Per gli anni 2010-2016 si può cliccare sul Tipo dato e selezionare l"'indicatore corrispondente',,,,,,
A,Annuale,ITG2,Sardegna,MAGEMBRGR_FROM2017,Età  media al matrimonio sposi (tutte le età),2007,35.16,,,,,TIPO_DATO15__MAGEMBRGR_FROM2017_N1,'Età media delle spose, ponderata con i quozienti specifici di nuzialità.Per gli anni 2010-2016 si può cliccare sul Tipo dato e selezionare l"'indicatore corrispondente',,,,,,
A,Annuale,ITG2,Sardegna,MAGEMBRGR_FROM2017,Età  media al matrimonio sposi (tutte le età),2008,35.34,,,,,TIPO_DATO15__MAGEMBRGR_FROM2017_N1,'Età media delle spose, ponderata con i quozienti specifici di nuzialità.Per gli anni 2010-2016 si può cliccare sul Tipo dato e selezionare l"'indicatore corrispondente',,,,,,
A,Annuale,ITG2,Sardegna,MAGEMBRGR_FROM2017,Età  media al matrimonio sposi (tutte le età),2009,35.73,,,,,TIPO_DATO15__MAGEMBRGR_FROM2017_N1,'Età media delle spose, ponderata con i quozienti specifici di nuzialità.Per gli anni 2010-2016 si può cliccare sul Tipo dato e selezionare l"'indicatore corrispondente',,,,,,
A,Annuale,ITG2,Sardegna,MAGEMBRGR_FROM2017,Età  media al matrimonio sposi (tutte le età),2010,36,,,,,TIPO_DATO15__MAGEMBRGR_FROM2017_N1,'Età media delle spose, ponderata con i quozienti specifici di nuzialità.Per gli anni 2010-2016 si può cliccare sul Tipo dato e selezionare l"'indicatore corrispondente',,,,,,
A,Annuale,ITG2,Sardegna,MAGEMBRGR_FROM2017,Età  media al matrimonio sposi (tutte le età),2011,36.29,,,,,TIPO_DATO15__MAGEMBRGR_FROM2017_N1,'Età media delle spose, ponderata con i quozienti specifici di nuzialità.Per gli anni 2010-2016 si può cliccare sul Tipo dato e selezionare l"'indicatore corrispondente',,,,,,
A,Annuale,ITG2,Sardegna,MAGEMBRGR_FROM2017,Età  media al matrimonio sposi (tutte le età),2012,36.47,,,,,TIPO_DATO15__MAGEMBRGR_FROM2017_N1,'Età media delle spose, ponderata con i quozienti specifici di nuzialità.Per gli anni 2010-2016 si può cliccare sul Tipo dato e selezionare l"'indicatore corrispondente',,,,,,
A,Annuale,ITG2,Sardegna,MAGEMBRGR_FROM2017,Età  media al matrimonio sposi (tutte le età),2013,37.01,,,,,TIPO_DATO15__MAGEMBRGR_FROM2017_N1,'Età media delle spose, ponderata con i quozienti specifici di nuzialità.Per gli anni 2010-2016 si può cliccare sul Tipo dato e selezionare l"'indicatore corrispondente',,,,,,
A,Annuale,ITG2,Sardegna,MAGEMBRGR_FROM2017,Età  media al matrimonio sposi (tutte le età),2014,36.87,,,,,TIPO_DATO15__MAGEMBRGR_FROM2017_N1,'Età media delle spose, ponderata con i quozienti specifici di nuzialità.Per gli anni 2010-2016 si può cliccare sul Tipo dato e selezionare l"'indicatore corrispondente',,,,,,
A,Annuale,ITG2,Sardegna,MAGEMBRGR_FROM2017,Età  media al matrimonio sposi (tutte le età),2015,37.56,,,,,TIPO_DATO15__MAGEMBRGR_FROM2017_N1,'Età media delle spose, ponderata con i quozienti specifici di nuzialità.Per gli anni 2010-2016 si può cliccare sul Tipo dato e selezionare l"'indicatore corrispondente',,,,,,
A,Annuale,ITG2,Sardegna,MAGEMBRGR_FROM2017,Età  media al matrimonio sposi (tutte le età),2016,37.95,,,,,TIPO_DATO15__MAGEMBRGR_FROM2017_N1,'Età media delle spose, ponderata con i quozienti specifici di nuzialità.Per gli anni 2010-2016 si può cliccare sul Tipo dato e selezionare l"'indicatore corrispondente',,,,,,
A,Annuale,ITG2,Sardegna,MAGEMBRGR_FROM2017,Età  media al matrimonio sposi (tutte le età),2017,38.53,,,,,TIPO_DATO15__MAGEMBRGR_FROM2017_N1,'Età media delle spose, ponderata con i quozienti specifici di nuzialità.Per gli anni 2010-2016 si può cliccare sul Tipo dato e selezionare l"'indicatore corrispondente',,,,,,
A,Annuale,ITG2,Sardegna,MAGEMBRGR_FROM2017,Età  media al matrimonio sposi (tutte le età),2018,38.94,,,,,TIPO_DATO15__MAGEMBRGR_FROM2017_N1,'Età media delle spose, ponderata con i quozienti specifici di nuzialità.Per gli anni 2010-2016 si può cliccare sul Tipo dato e selezionare l"'indicatore corrispondente',,,,,,
A,Annuale,ITG2,Sardegna,MAGEMBRGR_FROM2017,Età  media al matrimonio sposi (tutte le età),2019,39.15,,,,,TIPO_DATO15__MAGEMBRGR_FROM2017_N1,'Età media delle spose, ponderata con i quozienti specifici di nuzialità.Per gli anni 2010-2016 si può cliccare sul Tipo dato e selezionare l"'indicatore corrispondente',,,,,,
A,Annuale,ITG2,Sardegna,MAGEMBRGR_FROM2017,Età  media al matrimonio sposi (tutte le età),2020,41.26,,,,,TIPO_DATO15__MAGEMBRGR_FROM2017_N1,'Età media delle spose, ponderata con i quozienti specifici di nuzialità.Per gli anni 2010-2016 si può cliccare sul Tipo dato e selezionare l"'indicatore corrispondente',,,,,,
A,Annuale,ITG2,Sardegna,MAGEMBRGR_FROM2017,Età  media al matrimonio sposi (tutte le età),2021,40.47,,,,,TIPO_DATO15__MAGEMBRGR_FROM2017_N1,'Età media delle spose, ponderata con i quozienti specifici di nuzialità.Per gli anni 2010-2016 si può cliccare sul Tipo dato e selezionare l"'indicatore corrispondente',,,,,,
A,Annuale,ITG2,Sardegna,MAGEMBRGR_FROM2017,Età  media al matrimonio sposi (tutte le età),2022,40.8,,,,,TIPO_DATO15__MAGEMBRGR_FROM2017_N1,'Età media delle spose, ponderata con i quozienti specifici di nuzialità.Per gli anni 2010-2016 si può cliccare sul Tipo dato e selezionare l"'indicatore corrispondente',,,,,,
A,Annuale,ITG2,Sardegna,MAGEMBRGR_FROM2017,Età  media al matrimonio sposi (tutte le età),2023,41.21,e,Dato stimato,,,TIPO_DATO15__MAGEMBRGR_FROM2017_N1,'Età media delle spose, ponderata con i quozienti specifici di nuzialità.Per gli anni 2010-2016 si può cliccare sul Tipo dato e selezionare l"'indicatore corrispondente',,,,,,
A,Annuale,ITG2,Sardegna,MAGEMBR_FROM2017,Età  media al matrimonio spose (tutte le età),2004,30.55,,,,,TIPO_DATO15__MAGEMBR_FROM2017_N1,'Età media delle spose, ponderata con i quozienti specifici di nuzialità.Per gli anni 2010-2016 si può cliccare sul Tipo dato e selezionare l"'indicatore corrispondente',,,,,,
A,Annuale,ITG2,Sardegna,MAGEMBR_FROM2017,Età  media al matrimonio spose (tutte le età),2005,30.97,,,,,TIPO_DATO15__MAGEMBR_FROM2017_N1,'Età media delle spose, ponderata con i quozienti specifici di nuzialità.Per gli anni 2010-2016 si può cliccare sul Tipo dato e selezionare l"'indicatore corrispondente',,,,,,
A,Annuale,ITG2,Sardegna,MAGEMBR_FROM2017,Età  media al matrimonio spose (tutte le età),2006,31.31,,,,,TIPO_DATO15__MAGEMBR_FROM2017_N1,'Età media delle spose, ponderata con i quozienti specifici di nuzialità.Per gli anni 2010-2016 si può cliccare sul Tipo dato e selezionare l"'indicatore corrispondente',,,,,,
A,Annuale,ITG2,Sardegna,MAGEMBR_FROM2017,Età  media al matrimonio spose (tutte le età),2007,31.39,,,,,TIPO_DATO15__MAGEMBR_FROM2017_N1,'Età media delle spose, ponderata con i quozienti specifici di nuzialità.Per gli anni 2010-2016 si può cliccare sul Tipo dato e selezionare l"'indicatore corrispondente',,,,,,
A,Annuale,ITG2,Sardegna,MAGEMBR_FROM2017,Età  media al matrimonio spose (tutte le età),2008,31.51,,,,,TIPO_DATO15__MAGEMBR_FROM2017_N1,'Età media delle spose, ponderata con i quozienti specifici di nuzialità.Per gli anni 2010-2016 si può cliccare sul Tipo dato e selezionare l"'indicatore corrispondente',,,,,,
A,Annuale,ITG2,Sardegna,MAGEMBR_FROM2017,Età  media al matrimonio spose (tutte le età),2009,31.78,,,,,TIPO_DATO15__MAGEMBR_FROM2017_N1,'Età media delle spose, ponderata con i quozienti specifici di nuzialità.Per gli anni 2010-2016 si può cliccare sul Tipo dato e selezionare l"'indicatore corrispondente',,,,,,
A,Annuale,ITG2,Sardegna,MAGEMBR_FROM2017,Età  media al matrimonio spose (tutte le età),2010,32.19,,,,,TIPO_DATO15__MAGEMBR_FROM2017_N1,'Età media delle spose, ponderata con i quozienti specifici di nuzialità.Per gli anni 2010-2016 si può cliccare sul Tipo dato e selezionare l"'indicatore corrispondente',,,,,,
A,Annuale,ITG2,Sardegna,MAGEMBR_FROM2017,Età  media al matrimonio spose (tutte le età),2011,32.4,,,,,TIPO_DATO15__MAGEMBR_FROM2017_N1,'Età media delle spose, ponderata con i quozienti specifici di nuzialità.Per gli anni 2010-2016 si può cliccare sul Tipo dato e selezionare l"'indicatore corrispondente',,,,,,
A,Annuale,ITG2,Sardegna,MAGEMBR_FROM2017,Età  media al matrimonio spose (tutte le età),2012,32.63,,,,,TIPO_DATO15__MAGEMBR_FROM2017_N1,'Età media delle spose, ponderata con i quozienti specifici di nuzialità.Per gli anni 2010-2016 si può cliccare sul Tipo dato e selezionare l"'indicatore corrispondente',,,,,,
A,Annuale,ITG2,Sardegna,MAGEMBR_FROM2017,Età  media al matrimonio spose (tutte le età),2013,32.97,,,,,TIPO_DATO15__MAGEMBR_FROM2017_N1,'Età media delle spose, ponderata con i quozienti specifici di nuzialità.Per gli anni 2010-2016 si può cliccare sul Tipo dato e selezionare l"'indicatore corrispondente',,,,,,
A,Annuale,ITG2,Sardegna,MAGEMBR_FROM2017,Età  media al matrimonio spose (tutte le età),2014,33.18,,,,,TIPO_DATO15__MAGEMBR_FROM2017_N1,'Età media delle spose, ponderata con i quozienti specifici di nuzialità.Per gli anni 2010-2016 si può cliccare sul Tipo dato e selezionare l"'indicatore corrispondente',,,,,,
A,Annuale,ITG2,Sardegna,MAGEMBR_FROM2017,Età  media al matrimonio spose (tutte le età),2015,33.52,,,,,TIPO_DATO15__MAGEMBR_FROM2017_N1,'Età media delle spose, ponderata con i quozienti specifici di nuzialità.Per gli anni 2010-2016 si può cliccare sul Tipo dato e selezionare l"'indicatore corrispondente',,,,,,
A,Annuale,ITG2,Sardegna,MAGEMBR_FROM2017,Età  media al matrimonio spose (tutte le età),2016,34.04,,,,,TIPO_DATO15__MAGEMBR_FROM2017_N1,'Età media delle spose, ponderata con i quozienti specifici di nuzialità.Per gli anni 2010-2016 si può cliccare sul Tipo dato e selezionare l"'indicatore corrispondente',,,,,,
A,Annuale,ITG2,Sardegna,MAGEMBR_FROM2017,Età  media al matrimonio spose (tutte le età),2017,34.45,,,,,TIPO_DATO15__MAGEMBR_FROM2017_N1,'Età media delle spose, ponderata con i quozienti specifici di nuzialità.Per gli anni 2010-2016 si può cliccare sul Tipo dato e selezionare l"'indicatore corrispondente',,,,,,
A,Annuale,ITG2,Sardegna,MAGEMBR_FROM2017,Età  media al matrimonio spose (tutte le età),2018,35.07,,,,,TIPO_DATO15__MAGEMBR_FROM2017_N1,'Età media delle spose, ponderata con i quozienti specifici di nuzialità.Per gli anni 2010-2016 si può cliccare sul Tipo dato e selezionare l"'indicatore corrispondente',,,,,,
A,Annuale,ITG2,Sardegna,MAGEMBR_FROM2017,Età  media al matrimonio spose (tutte le età),2019,35.12,,,,,TIPO_DATO15__MAGEMBR_FROM2017_N1,'Età media delle spose, ponderata con i quozienti specifici di nuzialità.Per gli anni 2010-2016 si può cliccare sul Tipo dato e selezionare l"'indicatore corrispondente',,,,,,
A,Annuale,ITG2,Sardegna,MAGEMBR_FROM2017,Età  media al matrimonio spose (tutte le età),2020,36.44,,,,,TIPO_DATO15__MAGEMBR_FROM2017_N1,'Età media delle spose, ponderata con i quozienti specifici di nuzialità.Per gli anni 2010-2016 si può cliccare sul Tipo dato e selezionare l"'indicatore corrispondente',,,,,,
A,Annuale,ITG2,Sardegna,MAGEMBR_FROM2017,Età  media al matrimonio spose (tutte le età),2021,36.46,,,,,TIPO_DATO15__MAGEMBR_FROM2017_N1,'Età media delle spose, ponderata con i quozienti specifici di nuzialità.Per gli anni 2010-2016 si può cliccare sul Tipo dato e selezionare l"'indicatore corrispondente',,,,,,
A,Annuale,ITG2,Sardegna,MAGEMBR_FROM2017,Età  media al matrimonio spose (tutte le età),2022,36.69,,,,,TIPO_DATO15__MAGEMBR_FROM2017_N1,'Età media delle spose, ponderata con i quozienti specifici di nuzialità.Per gli anni 2010-2016 si può cliccare sul Tipo dato e selezionare l"'indicatore corrispondente',,,,,,
A,Annuale,ITG2,Sardegna,MAGEMBR_FROM2017,Età  media al matrimonio spose (tutte le età),2023,37.12,e,Dato stimato,,,TIPO_DATO15__MAGEMBR_FROM2017_N1,'Età media delle spose, ponderata con i quozienti specifici di nuzialità.Per gli anni 2010-2016 si può cliccare sul Tipo dato e selezionare l"'indicatore corrispondente',,,,,,
